((0,0,0,0),-1)= 0.50
((0,0,0,1),-1)= 0.50
((0,0,0,2),-1)= 0.50
((0,0,0,3),-1)= 0.50
((0,0,0,4),-1)= 0.50
((0,0,0,0),1)= 0.50
((0,0,0,1),1)= 0.50
((0,0,0,2),1)= 0.50
((0,0,0,3),1)= 0.50
((0,0,0,4),1)= 0.50
((0,0,1,0),-1)= 0.50
((0,0,1,1),-1)= 0.52
((0,0,1,2),-1)= 0.44
((0,0,1,3),-1)= 0.50
((0,0,1,4),-1)= 0.50
((0,0,1,0),1)= 0.50
((0,0,1,1),1)= 0.50
((0,0,1,2),1)= 0.50
((0,0,1,3),1)= 0.50
((0,0,1,4),1)= 0.50
((0,0,2,0),-1)= 0.50
((0,0,2,1),-1)= 0.25
((0,0,2,2),-1)= 0.73
((0,0,2,3),-1)= 0.50
((0,0,2,4),-1)= 0.50
((0,0,2,0),1)= 0.50
((0,0,2,1),1)= 0.22
((0,0,2,2),1)= 0.45
((0,0,2,3),1)= 0.50
((0,0,2,4),1)= 0.50
((0,0,3,0),-1)= 0.50
((0,0,3,1),-1)= 0.41
((0,0,3,2),-1)= 0.50
((0,0,3,3),-1)= 0.50
((0,0,3,4),-1)= 0.50
((0,0,3,0),1)= 0.50
((0,0,3,1),1)= 0.40
((0,0,3,2),1)= 0.67
((0,0,3,3),1)= 0.50
((0,0,3,4),1)= 0.50
((0,0,4,0),-1)= 0.50
((0,0,4,1),-1)= 0.50
((0,0,4,2),-1)= 0.50
((0,0,4,3),-1)= 0.50
((0,0,4,4),-1)= 0.50
((0,0,4,0),1)= 0.50
((0,0,4,1),1)= 0.50
((0,0,4,2),1)= 0.50
((0,0,4,3),1)= 0.50
((0,0,4,4),1)= 0.50
((0,1,0,0),-1)= 0.50
((0,1,0,1),-1)= 0.50
((0,1,0,2),-1)= 0.50
((0,1,0,3),-1)= 0.50
((0,1,0,4),-1)= 0.50
((0,1,0,0),1)= 0.50
((0,1,0,1),1)= 0.50
((0,1,0,2),1)= 0.50
((0,1,0,3),1)= 0.50
((0,1,0,4),1)= 0.50
((0,1,1,0),-1)= 0.50
((0,1,1,1),-1)= 0.50
((0,1,1,2),-1)= 0.50
((0,1,1,3),-1)= 0.50
((0,1,1,4),-1)= 0.50
((0,1,1,0),1)= 0.50
((0,1,1,1),1)= 0.50
((0,1,1,2),1)= 0.50
((0,1,1,3),1)= 0.50
((0,1,1,4),1)= 0.50
((0,1,2,0),-1)= 0.50
((0,1,2,1),-1)= 0.41
((0,1,2,2),-1)= 0.49
((0,1,2,3),-1)= 0.50
((0,1,2,4),-1)= 0.50
((0,1,2,0),1)= 0.50
((0,1,2,1),1)= 0.47
((0,1,2,2),1)= 0.50
((0,1,2,3),1)= 0.50
((0,1,2,4),1)= 0.50
((0,1,3,0),-1)= 0.50
((0,1,3,1),-1)= 0.50
((0,1,3,2),-1)= 0.50
((0,1,3,3),-1)= 0.50
((0,1,3,4),-1)= 0.50
((0,1,3,0),1)= 0.50
((0,1,3,1),1)= 0.50
((0,1,3,2),1)= 0.50
((0,1,3,3),1)= 0.50
((0,1,3,4),1)= 0.50
((0,1,4,0),-1)= 0.50
((0,1,4,1),-1)= 0.50
((0,1,4,2),-1)= 0.50
((0,1,4,3),-1)= 0.50
((0,1,4,4),-1)= 0.50
((0,1,4,0),1)= 0.50
((0,1,4,1),1)= 0.50
((0,1,4,2),1)= 0.50
((0,1,4,3),1)= 0.50
((0,1,4,4),1)= 0.50
((0,2,0,0),-1)= 0.50
((0,2,0,1),-1)= 0.50
((0,2,0,2),-1)= 0.50
((0,2,0,3),-1)= 0.50
((0,2,0,4),-1)= 0.50
((0,2,0,0),1)= 0.50
((0,2,0,1),1)= 0.50
((0,2,0,2),1)= 0.50
((0,2,0,3),1)= 0.50
((0,2,0,4),1)= 0.50
((0,2,1,0),-1)= 0.50
((0,2,1,1),-1)= 0.50
((0,2,1,2),-1)= 0.50
((0,2,1,3),-1)= 0.50
((0,2,1,4),-1)= 0.50
((0,2,1,0),1)= 0.50
((0,2,1,1),1)= 0.50
((0,2,1,2),1)= 0.50
((0,2,1,3),1)= 0.50
((0,2,1,4),1)= 0.50
((0,2,2,0),-1)= 0.50
((0,2,2,1),-1)= 0.50
((0,2,2,2),-1)= 0.50
((0,2,2,3),-1)= 0.50
((0,2,2,4),-1)= 0.50
((0,2,2,0),1)= 0.50
((0,2,2,1),1)= 0.50
((0,2,2,2),1)= 0.50
((0,2,2,3),1)= 0.50
((0,2,2,4),1)= 0.50
((0,2,3,0),-1)= 0.50
((0,2,3,1),-1)= 0.50
((0,2,3,2),-1)= 0.50
((0,2,3,3),-1)= 0.50
((0,2,3,4),-1)= 0.50
((0,2,3,0),1)= 0.50
((0,2,3,1),1)= 0.50
((0,2,3,2),1)= 0.50
((0,2,3,3),1)= 0.50
((0,2,3,4),1)= 0.50
((0,2,4,0),-1)= 0.50
((0,2,4,1),-1)= 0.50
((0,2,4,2),-1)= 0.50
((0,2,4,3),-1)= 0.50
((0,2,4,4),-1)= 0.50
((0,2,4,0),1)= 0.50
((0,2,4,1),1)= 0.50
((0,2,4,2),1)= 0.50
((0,2,4,3),1)= 0.50
((0,2,4,4),1)= 0.50
((0,3,0,0),-1)= 0.50
((0,3,0,1),-1)= 0.50
((0,3,0,2),-1)= 0.50
((0,3,0,3),-1)= 0.50
((0,3,0,4),-1)= 0.50
((0,3,0,0),1)= 0.50
((0,3,0,1),1)= 0.50
((0,3,0,2),1)= 0.50
((0,3,0,3),1)= 0.50
((0,3,0,4),1)= 0.50
((0,3,1,0),-1)= 0.50
((0,3,1,1),-1)= 0.50
((0,3,1,2),-1)= 0.50
((0,3,1,3),-1)= 0.50
((0,3,1,4),-1)= 0.50
((0,3,1,0),1)= 0.50
((0,3,1,1),1)= 0.50
((0,3,1,2),1)= 0.50
((0,3,1,3),1)= 0.50
((0,3,1,4),1)= 0.50
((0,3,2,0),-1)= 0.50
((0,3,2,1),-1)= 0.50
((0,3,2,2),-1)= 0.50
((0,3,2,3),-1)= 0.50
((0,3,2,4),-1)= 0.50
((0,3,2,0),1)= 0.50
((0,3,2,1),1)= 0.50
((0,3,2,2),1)= 0.50
((0,3,2,3),1)= 0.50
((0,3,2,4),1)= 0.50
((0,3,3,0),-1)= 0.50
((0,3,3,1),-1)= 0.50
((0,3,3,2),-1)= 0.50
((0,3,3,3),-1)= 0.50
((0,3,3,4),-1)= 0.50
((0,3,3,0),1)= 0.50
((0,3,3,1),1)= 0.50
((0,3,3,2),1)= 0.50
((0,3,3,3),1)= 0.50
((0,3,3,4),1)= 0.50
((0,3,4,0),-1)= 0.50
((0,3,4,1),-1)= 0.50
((0,3,4,2),-1)= 0.50
((0,3,4,3),-1)= 0.50
((0,3,4,4),-1)= 0.50
((0,3,4,0),1)= 0.50
((0,3,4,1),1)= 0.50
((0,3,4,2),1)= 0.50
((0,3,4,3),1)= 0.50
((0,3,4,4),1)= 0.50
((0,4,0,0),-1)= 0.50
((0,4,0,1),-1)= 0.50
((0,4,0,2),-1)= 0.50
((0,4,0,3),-1)= 0.50
((0,4,0,4),-1)= 0.50
((0,4,0,0),1)= 0.50
((0,4,0,1),1)= 0.50
((0,4,0,2),1)= 0.50
((0,4,0,3),1)= 0.50
((0,4,0,4),1)= 0.50
((0,4,1,0),-1)= 0.50
((0,4,1,1),-1)= 0.50
((0,4,1,2),-1)= 0.50
((0,4,1,3),-1)= 0.50
((0,4,1,4),-1)= 0.50
((0,4,1,0),1)= 0.50
((0,4,1,1),1)= 0.50
((0,4,1,2),1)= 0.50
((0,4,1,3),1)= 0.50
((0,4,1,4),1)= 0.50
((0,4,2,0),-1)= 0.50
((0,4,2,1),-1)= 0.43
((0,4,2,2),-1)= 0.49
((0,4,2,3),-1)= 0.50
((0,4,2,4),-1)= 0.50
((0,4,2,0),1)= 0.50
((0,4,2,1),1)= 0.35
((0,4,2,2),1)= 0.50
((0,4,2,3),1)= 0.50
((0,4,2,4),1)= 0.50
((0,4,3,0),-1)= 0.50
((0,4,3,1),-1)= 0.50
((0,4,3,2),-1)= 0.50
((0,4,3,3),-1)= 0.50
((0,4,3,4),-1)= 0.50
((0,4,3,0),1)= 0.50
((0,4,3,1),1)= 0.50
((0,4,3,2),1)= 0.50
((0,4,3,3),1)= 0.50
((0,4,3,4),1)= 0.50
((0,4,4,0),-1)= 0.50
((0,4,4,1),-1)= 0.50
((0,4,4,2),-1)= 0.50
((0,4,4,3),-1)= 0.50
((0,4,4,4),-1)= 0.50
((0,4,4,0),1)= 0.50
((0,4,4,1),1)= 0.50
((0,4,4,2),1)= 0.50
((0,4,4,3),1)= 0.50
((0,4,4,4),1)= 0.50
((0,5,0,0),-1)= 0.50
((0,5,0,1),-1)= 0.50
((0,5,0,2),-1)= 0.50
((0,5,0,3),-1)= 0.50
((0,5,0,4),-1)= 0.50
((0,5,0,0),1)= 0.50
((0,5,0,1),1)= 0.50
((0,5,0,2),1)= 0.50
((0,5,0,3),1)= 0.50
((0,5,0,4),1)= 0.50
((0,5,1,0),-1)= 0.50
((0,5,1,1),-1)= 0.43
((0,5,1,2),-1)= 0.50
((0,5,1,3),-1)= 0.50
((0,5,1,4),-1)= 0.50
((0,5,1,0),1)= 0.50
((0,5,1,1),1)= 0.50
((0,5,1,2),1)= 0.50
((0,5,1,3),1)= 0.50
((0,5,1,4),1)= 0.50
((0,5,2,0),-1)= 0.50
((0,5,2,1),-1)= 0.20
((0,5,2,2),-1)= 0.40
((0,5,2,3),-1)= 0.50
((0,5,2,4),-1)= 0.50
((0,5,2,0),1)= 0.50
((0,5,2,1),1)= 0.18
((0,5,2,2),1)= 0.38
((0,5,2,3),1)= 0.50
((0,5,2,4),1)= 0.50
((0,5,3,0),-1)= 0.50
((0,5,3,1),-1)= 0.43
((0,5,3,2),-1)= 0.50
((0,5,3,3),-1)= 0.50
((0,5,3,4),-1)= 0.50
((0,5,3,0),1)= 0.50
((0,5,3,1),1)= 0.42
((0,5,3,2),1)= 0.50
((0,5,3,3),1)= 0.50
((0,5,3,4),1)= 0.50
((0,5,4,0),-1)= 0.50
((0,5,4,1),-1)= 0.50
((0,5,4,2),-1)= 0.50
((0,5,4,3),-1)= 0.50
((0,5,4,4),-1)= 0.50
((0,5,4,0),1)= 0.50
((0,5,4,1),1)= 0.50
((0,5,4,2),1)= 0.50
((0,5,4,3),1)= 0.50
((0,5,4,4),1)= 0.50
((0,6,0,0),-1)= 0.50
((0,6,0,1),-1)= 0.50
((0,6,0,2),-1)= 0.50
((0,6,0,3),-1)= 0.50
((0,6,0,4),-1)= 0.50
((0,6,0,0),1)= 0.50
((0,6,0,1),1)= 0.50
((0,6,0,2),1)= 0.50
((0,6,0,3),1)= 0.50
((0,6,0,4),1)= 0.50
((0,6,1,0),-1)= 0.50
((0,6,1,1),-1)= 0.37
((0,6,1,2),-1)= 0.33
((0,6,1,3),-1)= 0.50
((0,6,1,4),-1)= 0.50
((0,6,1,0),1)= 0.50
((0,6,1,1),1)= 0.44
((0,6,1,2),1)= 0.49
((0,6,1,3),1)= 0.50
((0,6,1,4),1)= 0.50
((0,6,2,0),-1)= 0.50
((0,6,2,1),-1)= 0.14
((0,6,2,2),-1)= 0.29
((0,6,2,3),-1)= 0.50
((0,6,2,4),-1)= 0.50
((0,6,2,0),1)= 0.50
((0,6,2,1),1)= 0.15
((0,6,2,2),1)= 0.45
((0,6,2,3),1)= 0.50
((0,6,2,4),1)= 0.50
((0,6,3,0),-1)= 0.50
((0,6,3,1),-1)= 0.34
((0,6,3,2),-1)= 0.50
((0,6,3,3),-1)= 0.50
((0,6,3,4),-1)= 0.50
((0,6,3,0),1)= 0.50
((0,6,3,1),1)= 0.28
((0,6,3,2),1)= 0.50
((0,6,3,3),1)= 0.50
((0,6,3,4),1)= 0.50
((0,6,4,0),-1)= 0.50
((0,6,4,1),-1)= 0.50
((0,6,4,2),-1)= 0.50
((0,6,4,3),-1)= 0.50
((0,6,4,4),-1)= 0.50
((0,6,4,0),1)= 0.50
((0,6,4,1),1)= 0.50
((0,6,4,2),1)= 0.50
((0,6,4,3),1)= 0.50
((0,6,4,4),1)= 0.50
((1,0,0,0),-1)= 0.50
((1,0,0,1),-1)= 0.50
((1,0,0,2),-1)= 0.50
((1,0,0,3),-1)= 0.50
((1,0,0,4),-1)= 0.50
((1,0,0,0),1)= 0.50
((1,0,0,1),1)= 0.50
((1,0,0,2),1)= 0.50
((1,0,0,3),1)= 0.50
((1,0,0,4),1)= 0.50
((1,0,1,0),-1)= 0.50
((1,0,1,1),-1)= 0.51
((1,0,1,2),-1)= 0.47
((1,0,1,3),-1)= 0.50
((1,0,1,4),-1)= 0.50
((1,0,1,0),1)= 0.50
((1,0,1,1),1)= 0.48
((1,0,1,2),1)= 0.43
((1,0,1,3),1)= 0.50
((1,0,1,4),1)= 0.50
((1,0,2,0),-1)= 0.50
((1,0,2,1),-1)= 0.09
((1,0,2,2),-1)= 0.33
((1,0,2,3),-1)= 0.50
((1,0,2,4),-1)= 0.50
((1,0,2,0),1)= 0.50
((1,0,2,1),1)= 0.10
((1,0,2,2),1)= 0.33
((1,0,2,3),1)= 0.50
((1,0,2,4),1)= 0.50
((1,0,3,0),-1)= 0.50
((1,0,3,1),-1)= 0.37
((1,0,3,2),-1)= 0.50
((1,0,3,3),-1)= 0.50
((1,0,3,4),-1)= 0.50
((1,0,3,0),1)= 0.50
((1,0,3,1),1)= 0.20
((1,0,3,2),1)= 0.50
((1,0,3,3),1)= 0.50
((1,0,3,4),1)= 0.50
((1,0,4,0),-1)= 0.50
((1,0,4,1),-1)= 0.50
((1,0,4,2),-1)= 0.50
((1,0,4,3),-1)= 0.50
((1,0,4,4),-1)= 0.50
((1,0,4,0),1)= 0.50
((1,0,4,1),1)= 0.50
((1,0,4,2),1)= 0.50
((1,0,4,3),1)= 0.50
((1,0,4,4),1)= 0.50
((1,1,0,0),-1)= 0.50
((1,1,0,1),-1)= 0.50
((1,1,0,2),-1)= 0.50
((1,1,0,3),-1)= 0.50
((1,1,0,4),-1)= 0.50
((1,1,0,0),1)= 0.50
((1,1,0,1),1)= 0.50
((1,1,0,2),1)= 0.50
((1,1,0,3),1)= 0.50
((1,1,0,4),1)= 0.50
((1,1,1,0),-1)= 0.50
((1,1,1,1),-1)= 0.50
((1,1,1,2),-1)= 0.50
((1,1,1,3),-1)= 0.50
((1,1,1,4),-1)= 0.50
((1,1,1,0),1)= 0.50
((1,1,1,1),1)= 0.50
((1,1,1,2),1)= 0.50
((1,1,1,3),1)= 0.50
((1,1,1,4),1)= 0.50
((1,1,2,0),-1)= 0.50
((1,1,2,1),-1)= 0.13
((1,1,2,2),-1)= 0.16
((1,1,2,3),-1)= 0.50
((1,1,2,4),-1)= 0.50
((1,1,2,0),1)= 0.50
((1,1,2,1),1)= 0.13
((1,1,2,2),1)= 0.18
((1,1,2,3),1)= 0.50
((1,1,2,4),1)= 0.50
((1,1,3,0),-1)= 0.50
((1,1,3,1),-1)= 0.50
((1,1,3,2),-1)= 0.46
((1,1,3,3),-1)= 0.50
((1,1,3,4),-1)= 0.50
((1,1,3,0),1)= 0.50
((1,1,3,1),1)= 0.41
((1,1,3,2),1)= 0.50
((1,1,3,3),1)= 0.50
((1,1,3,4),1)= 0.50
((1,1,4,0),-1)= 0.50
((1,1,4,1),-1)= 0.50
((1,1,4,2),-1)= 0.50
((1,1,4,3),-1)= 0.50
((1,1,4,4),-1)= 0.50
((1,1,4,0),1)= 0.50
((1,1,4,1),1)= 0.50
((1,1,4,2),1)= 0.50
((1,1,4,3),1)= 0.50
((1,1,4,4),1)= 0.50
((1,2,0,0),-1)= 0.50
((1,2,0,1),-1)= 0.50
((1,2,0,2),-1)= 0.50
((1,2,0,3),-1)= 0.50
((1,2,0,4),-1)= 0.50
((1,2,0,0),1)= 0.50
((1,2,0,1),1)= 0.50
((1,2,0,2),1)= 0.50
((1,2,0,3),1)= 0.50
((1,2,0,4),1)= 0.50
((1,2,1,0),-1)= 0.50
((1,2,1,1),-1)= 0.50
((1,2,1,2),-1)= 0.30
((1,2,1,3),-1)= 0.42
((1,2,1,4),-1)= 0.50
((1,2,1,0),1)= 0.50
((1,2,1,1),1)= 0.50
((1,2,1,2),1)= 0.43
((1,2,1,3),1)= 0.50
((1,2,1,4),1)= 0.50
((1,2,2,0),-1)= 0.50
((1,2,2,1),-1)= 0.13
((1,2,2,2),-1)= 0.12
((1,2,2,3),-1)= 0.50
((1,2,2,4),-1)= 0.50
((1,2,2,0),1)= 0.50
((1,2,2,1),1)= 0.13
((1,2,2,2),1)= 0.12
((1,2,2,3),1)= 0.50
((1,2,2,4),1)= 0.50
((1,2,3,0),-1)= 0.50
((1,2,3,1),-1)= 0.47
((1,2,3,2),-1)= 0.50
((1,2,3,3),-1)= 0.50
((1,2,3,4),-1)= 0.50
((1,2,3,0),1)= 0.50
((1,2,3,1),1)= 0.46
((1,2,3,2),1)= 0.50
((1,2,3,3),1)= 0.50
((1,2,3,4),1)= 0.50
((1,2,4,0),-1)= 0.50
((1,2,4,1),-1)= 0.50
((1,2,4,2),-1)= 0.50
((1,2,4,3),-1)= 0.50
((1,2,4,4),-1)= 0.50
((1,2,4,0),1)= 0.50
((1,2,4,1),1)= 0.50
((1,2,4,2),1)= 0.50
((1,2,4,3),1)= 0.50
((1,2,4,4),1)= 0.50
((1,3,0,0),-1)= 0.50
((1,3,0,1),-1)= 0.50
((1,3,0,2),-1)= 0.50
((1,3,0,3),-1)= 0.50
((1,3,0,4),-1)= 0.50
((1,3,0,0),1)= 0.50
((1,3,0,1),1)= 0.50
((1,3,0,2),1)= 0.50
((1,3,0,3),1)= 0.50
((1,3,0,4),1)= 0.50
((1,3,1,0),-1)= 0.50
((1,3,1,1),-1)= 0.50
((1,3,1,2),-1)= 0.26
((1,3,1,3),-1)= 0.49
((1,3,1,4),-1)= 0.50
((1,3,1,0),1)= 0.50
((1,3,1,1),1)= 0.50
((1,3,1,2),1)= 0.32
((1,3,1,3),1)= 0.50
((1,3,1,4),1)= 0.50
((1,3,2,0),-1)= 0.50
((1,3,2,1),-1)= 0.07
((1,3,2,2),-1)= 0.08
((1,3,2,3),-1)= 0.50
((1,3,2,4),-1)= 0.50
((1,3,2,0),1)= 0.50
((1,3,2,1),1)= 0.06
((1,3,2,2),1)= 0.07
((1,3,2,3),1)= 0.50
((1,3,2,4),1)= 0.50
((1,3,3,0),-1)= 0.50
((1,3,3,1),-1)= 0.17
((1,3,3,2),-1)= 0.50
((1,3,3,3),-1)= 0.50
((1,3,3,4),-1)= 0.50
((1,3,3,0),1)= 0.50
((1,3,3,1),1)= 0.22
((1,3,3,2),1)= 0.50
((1,3,3,3),1)= 0.50
((1,3,3,4),1)= 0.50
((1,3,4,0),-1)= 0.50
((1,3,4,1),-1)= 0.50
((1,3,4,2),-1)= 0.50
((1,3,4,3),-1)= 0.50
((1,3,4,4),-1)= 0.50
((1,3,4,0),1)= 0.50
((1,3,4,1),1)= 0.50
((1,3,4,2),1)= 0.50
((1,3,4,3),1)= 0.50
((1,3,4,4),1)= 0.50
((1,4,0,0),-1)= 0.50
((1,4,0,1),-1)= 0.50
((1,4,0,2),-1)= 0.50
((1,4,0,3),-1)= 0.50
((1,4,0,4),-1)= 0.50
((1,4,0,0),1)= 0.50
((1,4,0,1),1)= 0.50
((1,4,0,2),1)= 0.50
((1,4,0,3),1)= 0.50
((1,4,0,4),1)= 0.50
((1,4,1,0),-1)= 0.50
((1,4,1,1),-1)= 0.15
((1,4,1,2),-1)= 0.11
((1,4,1,3),-1)= 0.50
((1,4,1,4),-1)= 0.50
((1,4,1,0),1)= 0.50
((1,4,1,1),1)= 0.21
((1,4,1,2),1)= 0.11
((1,4,1,3),1)= 0.50
((1,4,1,4),1)= 0.50
((1,4,2,0),-1)= 0.50
((1,4,2,1),-1)= 0.05
((1,4,2,2),-1)= 0.07
((1,4,2,3),-1)= 0.50
((1,4,2,4),-1)= 0.50
((1,4,2,0),1)= 0.50
((1,4,2,1),1)= 0.06
((1,4,2,2),1)= 0.08
((1,4,2,3),1)= 0.50
((1,4,2,4),1)= 0.50
((1,4,3,0),-1)= 0.48
((1,4,3,1),-1)= 0.08
((1,4,3,2),-1)= 0.50
((1,4,3,3),-1)= 0.50
((1,4,3,4),-1)= 0.50
((1,4,3,0),1)= 0.50
((1,4,3,1),1)= 0.09
((1,4,3,2),1)= 0.50
((1,4,3,3),1)= 0.50
((1,4,3,4),1)= 0.50
((1,4,4,0),-1)= 0.50
((1,4,4,1),-1)= 0.50
((1,4,4,2),-1)= 0.50
((1,4,4,3),-1)= 0.50
((1,4,4,4),-1)= 0.50
((1,4,4,0),1)= 0.50
((1,4,4,1),1)= 0.50
((1,4,4,2),1)= 0.50
((1,4,4,3),1)= 0.50
((1,4,4,4),1)= 0.50
((1,5,0,0),-1)= 0.50
((1,5,0,1),-1)= 0.50
((1,5,0,2),-1)= 0.50
((1,5,0,3),-1)= 0.50
((1,5,0,4),-1)= 0.50
((1,5,0,0),1)= 0.50
((1,5,0,1),1)= 0.50
((1,5,0,2),1)= 0.50
((1,5,0,3),1)= 0.50
((1,5,0,4),1)= 0.50
((1,5,1,0),-1)= 0.50
((1,5,1,1),-1)= 0.14
((1,5,1,2),-1)= 0.26
((1,5,1,3),-1)= 0.50
((1,5,1,4),-1)= 0.50
((1,5,1,0),1)= 0.50
((1,5,1,1),1)= 0.10
((1,5,1,2),1)= 0.12
((1,5,1,3),1)= 0.50
((1,5,1,4),1)= 0.50
((1,5,2,0),-1)= 0.50
((1,5,2,1),-1)= 0.06
((1,5,2,2),-1)= 0.07
((1,5,2,3),-1)= 0.50
((1,5,2,4),-1)= 0.50
((1,5,2,0),1)= 0.50
((1,5,2,1),1)= 0.06
((1,5,2,2),1)= 0.06
((1,5,2,3),1)= 0.50
((1,5,2,4),1)= 0.50
((1,5,3,0),-1)= 0.50
((1,5,3,1),-1)= 0.08
((1,5,3,2),-1)= 0.37
((1,5,3,3),-1)= 0.50
((1,5,3,4),-1)= 0.50
((1,5,3,0),1)= 0.50
((1,5,3,1),1)= 0.10
((1,5,3,2),1)= 0.42
((1,5,3,3),1)= 0.50
((1,5,3,4),1)= 0.50
((1,5,4,0),-1)= 0.50
((1,5,4,1),-1)= 0.50
((1,5,4,2),-1)= 0.50
((1,5,4,3),-1)= 0.50
((1,5,4,4),-1)= 0.50
((1,5,4,0),1)= 0.50
((1,5,4,1),1)= 0.50
((1,5,4,2),1)= 0.50
((1,5,4,3),1)= 0.50
((1,5,4,4),1)= 0.50
((1,6,0,0),-1)= 0.50
((1,6,0,1),-1)= 0.50
((1,6,0,2),-1)= 0.50
((1,6,0,3),-1)= 0.50
((1,6,0,4),-1)= 0.50
((1,6,0,0),1)= 0.50
((1,6,0,1),1)= 0.50
((1,6,0,2),1)= 0.50
((1,6,0,3),1)= 0.50
((1,6,0,4),1)= 0.50
((1,6,1,0),-1)= 0.50
((1,6,1,1),-1)= 0.13
((1,6,1,2),-1)= 0.46
((1,6,1,3),-1)= 0.50
((1,6,1,4),-1)= 0.50
((1,6,1,0),1)= 0.50
((1,6,1,1),1)= 0.11
((1,6,1,2),1)= 0.31
((1,6,1,3),1)= 0.50
((1,6,1,4),1)= 0.50
((1,6,2,0),-1)= 0.50
((1,6,2,1),-1)= 0.07
((1,6,2,2),-1)= 0.26
((1,6,2,3),-1)= 0.50
((1,6,2,4),-1)= 0.50
((1,6,2,0),1)= 0.50
((1,6,2,1),1)= 0.08
((1,6,2,2),1)= 0.07
((1,6,2,3),1)= 0.50
((1,6,2,4),1)= 0.50
((1,6,3,0),-1)= 0.50
((1,6,3,1),-1)= 0.09
((1,6,3,2),-1)= 0.44
((1,6,3,3),-1)= 0.50
((1,6,3,4),-1)= 0.50
((1,6,3,0),1)= 0.50
((1,6,3,1),1)= 0.09
((1,6,3,2),1)= 0.37
((1,6,3,3),1)= 0.50
((1,6,3,4),1)= 0.50
((1,6,4,0),-1)= 0.50
((1,6,4,1),-1)= 0.50
((1,6,4,2),-1)= 0.50
((1,6,4,3),-1)= 0.50
((1,6,4,4),-1)= 0.50
((1,6,4,0),1)= 0.50
((1,6,4,1),1)= 0.50
((1,6,4,2),1)= 0.50
((1,6,4,3),1)= 0.50
((1,6,4,4),1)= 0.50
((2,0,0,0),-1)= 0.50
((2,0,0,1),-1)= 0.50
((2,0,0,2),-1)= 0.50
((2,0,0,3),-1)= 0.50
((2,0,0,4),-1)= 0.50
((2,0,0,0),1)= 0.50
((2,0,0,1),1)= 0.50
((2,0,0,2),1)= 0.50
((2,0,0,3),1)= 0.50
((2,0,0,4),1)= 0.50
((2,0,1,0),-1)= 0.50
((2,0,1,1),-1)= 0.33
((2,0,1,2),-1)= 0.15
((2,0,1,3),-1)= 0.50
((2,0,1,4),-1)= 0.50
((2,0,1,0),1)= 0.50
((2,0,1,1),1)= 0.36
((2,0,1,2),1)= 0.66
((2,0,1,3),1)= 0.50
((2,0,1,4),1)= 0.50
((2,0,2,0),-1)= 0.50
((2,0,2,1),-1)= 0.07
((2,0,2,2),-1)= 0.07
((2,0,2,3),-1)= 0.37
((2,0,2,4),-1)= 0.50
((2,0,2,0),1)= 0.50
((2,0,2,1),1)= 0.07
((2,0,2,2),1)= 0.08
((2,0,2,3),1)= 0.46
((2,0,2,4),1)= 0.50
((2,0,3,0),-1)= 0.50
((2,0,3,1),-1)= 0.18
((2,0,3,2),-1)= 0.18
((2,0,3,3),-1)= 0.50
((2,0,3,4),-1)= 0.50
((2,0,3,0),1)= 0.50
((2,0,3,1),1)= 0.12
((2,0,3,2),1)= 0.11
((2,0,3,3),1)= 0.50
((2,0,3,4),1)= 0.50
((2,0,4,0),-1)= 0.50
((2,0,4,1),-1)= 0.50
((2,0,4,2),-1)= 0.50
((2,0,4,3),-1)= 0.50
((2,0,4,4),-1)= 0.50
((2,0,4,0),1)= 0.50
((2,0,4,1),1)= 0.50
((2,0,4,2),1)= 0.50
((2,0,4,3),1)= 0.50
((2,0,4,4),1)= 0.50
((2,1,0,0),-1)= 0.50
((2,1,0,1),-1)= 0.50
((2,1,0,2),-1)= 0.50
((2,1,0,3),-1)= 0.50
((2,1,0,4),-1)= 0.50
((2,1,0,0),1)= 0.50
((2,1,0,1),1)= 0.50
((2,1,0,2),1)= 0.50
((2,1,0,3),1)= 0.50
((2,1,0,4),1)= 0.50
((2,1,1,0),-1)= 0.50
((2,1,1,1),-1)= 0.50
((2,1,1,2),-1)= 0.14
((2,1,1,3),-1)= 0.50
((2,1,1,4),-1)= 0.50
((2,1,1,0),1)= 0.50
((2,1,1,1),1)= 0.50
((2,1,1,2),1)= 0.14
((2,1,1,3),1)= 0.50
((2,1,1,4),1)= 0.50
((2,1,2,0),-1)= 0.50
((2,1,2,1),-1)= 0.06
((2,1,2,2),-1)= 0.05
((2,1,2,3),-1)= 0.46
((2,1,2,4),-1)= 0.50
((2,1,2,0),1)= 0.50
((2,1,2,1),1)= 0.06
((2,1,2,2),1)= 0.07
((2,1,2,3),1)= 0.45
((2,1,2,4),1)= 0.50
((2,1,3,0),-1)= 0.50
((2,1,3,1),-1)= 0.11
((2,1,3,2),-1)= 0.42
((2,1,3,3),-1)= 0.50
((2,1,3,4),-1)= 0.50
((2,1,3,0),1)= 0.50
((2,1,3,1),1)= 0.12
((2,1,3,2),1)= 0.42
((2,1,3,3),1)= 0.50
((2,1,3,4),1)= 0.50
((2,1,4,0),-1)= 0.50
((2,1,4,1),-1)= 0.50
((2,1,4,2),-1)= 0.50
((2,1,4,3),-1)= 0.50
((2,1,4,4),-1)= 0.50
((2,1,4,0),1)= 0.50
((2,1,4,1),1)= 0.50
((2,1,4,2),1)= 0.50
((2,1,4,3),1)= 0.50
((2,1,4,4),1)= 0.50
((2,2,0,0),-1)= 0.50
((2,2,0,1),-1)= 0.50
((2,2,0,2),-1)= 0.50
((2,2,0,3),-1)= 0.42
((2,2,0,4),-1)= 0.50
((2,2,0,0),1)= 0.50
((2,2,0,1),1)= 0.50
((2,2,0,2),1)= 0.50
((2,2,0,3),1)= 0.50
((2,2,0,4),1)= 0.50
((2,2,1,0),-1)= 0.50
((2,2,1,1),-1)= 0.36
((2,2,1,2),-1)= 0.06
((2,2,1,3),-1)= 0.32
((2,2,1,4),-1)= 0.50
((2,2,1,0),1)= 0.50
((2,2,1,1),1)= 0.35
((2,2,1,2),1)= 0.07
((2,2,1,3),1)= 0.31
((2,2,1,4),1)= 0.50
((2,2,2,0),-1)= 0.45
((2,2,2,1),-1)= 0.05
((2,2,2,2),-1)= 0.05
((2,2,2,3),-1)= 0.24
((2,2,2,4),-1)= 0.50
((2,2,2,0),1)= 0.50
((2,2,2,1),1)= 0.05
((2,2,2,2),1)= 0.05
((2,2,2,3),1)= 0.25
((2,2,2,4),1)= 0.50
((2,2,3,0),-1)= 0.38
((2,2,3,1),-1)= 0.07
((2,2,3,2),-1)= 0.50
((2,2,3,3),-1)= 0.50
((2,2,3,4),-1)= 0.50
((2,2,3,0),1)= 0.35
((2,2,3,1),1)= 0.07
((2,2,3,2),1)= 0.50
((2,2,3,3),1)= 0.50
((2,2,3,4),1)= 0.50
((2,2,4,0),-1)= 0.50
((2,2,4,1),-1)= 0.50
((2,2,4,2),-1)= 0.50
((2,2,4,3),-1)= 0.50
((2,2,4,4),-1)= 0.50
((2,2,4,0),1)= 0.50
((2,2,4,1),1)= 0.50
((2,2,4,2),1)= 0.50
((2,2,4,3),1)= 0.50
((2,2,4,4),1)= 0.50
((2,3,0,0),-1)= 0.50
((2,3,0,1),-1)= 0.50
((2,3,0,2),-1)= 0.50
((2,3,0,3),-1)= 0.45
((2,3,0,4),-1)= 0.50
((2,3,0,0),1)= 0.50
((2,3,0,1),1)= 0.50
((2,3,0,2),1)= 0.50
((2,3,0,3),1)= 0.50
((2,3,0,4),1)= 0.50
((2,3,1,0),-1)= 0.50
((2,3,1,1),-1)= 0.06
((2,3,1,2),-1)= 0.06
((2,3,1,3),-1)= 0.26
((2,3,1,4),-1)= 0.50
((2,3,1,0),1)= 0.50
((2,3,1,1),1)= 0.06
((2,3,1,2),1)= 0.05
((2,3,1,3),1)= 0.16
((2,3,1,4),1)= 0.50
((2,3,2,0),-1)= 0.29
((2,3,2,1),-1)= 0.05
((2,3,2,2),-1)= 0.05
((2,3,2,3),-1)= 0.27
((2,3,2,4),-1)= 0.50
((2,3,2,0),1)= 0.26
((2,3,2,1),1)= 0.05
((2,3,2,2),1)= 0.05
((2,3,2,3),1)= 0.24
((2,3,2,4),1)= 0.50
((2,3,3,0),-1)= 0.09
((2,3,3,1),-1)= 0.06
((2,3,3,2),-1)= 0.50
((2,3,3,3),-1)= 0.50
((2,3,3,4),-1)= 0.50
((2,3,3,0),1)= 0.09
((2,3,3,1),1)= 0.05
((2,3,3,2),1)= 0.50
((2,3,3,3),1)= 0.50
((2,3,3,4),1)= 0.50
((2,3,4,0),-1)= 0.50
((2,3,4,1),-1)= 0.50
((2,3,4,2),-1)= 0.50
((2,3,4,3),-1)= 0.50
((2,3,4,4),-1)= 0.50
((2,3,4,0),1)= 0.42
((2,3,4,1),1)= 0.50
((2,3,4,2),1)= 0.50
((2,3,4,3),1)= 0.50
((2,3,4,4),1)= 0.50
((2,4,0,0),-1)= 0.50
((2,4,0,1),-1)= 0.50
((2,4,0,2),-1)= 0.50
((2,4,0,3),-1)= 0.45
((2,4,0,4),-1)= 0.50
((2,4,0,0),1)= 0.50
((2,4,0,1),1)= 0.50
((2,4,0,2),1)= 0.50
((2,4,0,3),1)= 0.50
((2,4,0,4),1)= 0.50
((2,4,1,0),-1)= 0.50
((2,4,1,1),-1)= 0.06
((2,4,1,2),-1)= 0.05
((2,4,1,3),-1)= 0.15
((2,4,1,4),-1)= 0.50
((2,4,1,0),1)= 0.50
((2,4,1,1),1)= 0.07
((2,4,1,2),1)= 0.06
((2,4,1,3),1)= 0.20
((2,4,1,4),1)= 0.50
((2,4,2,0),-1)= 0.50
((2,4,2,1),-1)= 0.05
((2,4,2,2),-1)= 0.06
((2,4,2,3),-1)= 0.18
((2,4,2,4),-1)= 0.50
((2,4,2,0),1)= 0.50
((2,4,2,1),1)= 0.05
((2,4,2,2),1)= 0.05
((2,4,2,3),1)= 0.16
((2,4,2,4),1)= 0.50
((2,4,3,0),-1)= 0.17
((2,4,3,1),-1)= 0.05
((2,4,3,2),-1)= 0.40
((2,4,3,3),-1)= 0.50
((2,4,3,4),-1)= 0.50
((2,4,3,0),1)= 0.17
((2,4,3,1),1)= 0.06
((2,4,3,2),1)= 0.39
((2,4,3,3),1)= 0.50
((2,4,3,4),1)= 0.50
((2,4,4,0),-1)= 0.50
((2,4,4,1),-1)= 0.50
((2,4,4,2),-1)= 0.50
((2,4,4,3),-1)= 0.50
((2,4,4,4),-1)= 0.50
((2,4,4,0),1)= 0.50
((2,4,4,1),1)= 0.50
((2,4,4,2),1)= 0.50
((2,4,4,3),1)= 0.50
((2,4,4,4),1)= 0.50
((2,5,0,0),-1)= 0.50
((2,5,0,1),-1)= 0.50
((2,5,0,2),-1)= 0.37
((2,5,0,3),-1)= 0.50
((2,5,0,4),-1)= 0.50
((2,5,0,0),1)= 0.50
((2,5,0,1),1)= 0.50
((2,5,0,2),1)= 0.50
((2,5,0,3),1)= 0.50
((2,5,0,4),1)= 0.50
((2,5,1,0),-1)= 0.50
((2,5,1,1),-1)= 0.05
((2,5,1,2),-1)= 0.05
((2,5,1,3),-1)= 0.50
((2,5,1,4),-1)= 0.50
((2,5,1,0),1)= 0.50
((2,5,1,1),1)= 0.06
((2,5,1,2),1)= 0.06
((2,5,1,3),1)= 0.40
((2,5,1,4),1)= 0.50
((2,5,2,0),-1)= 0.50
((2,5,2,1),-1)= 0.05
((2,5,2,2),-1)= 0.05
((2,5,2,3),-1)= 0.41
((2,5,2,4),-1)= 0.50
((2,5,2,0),1)= 0.50
((2,5,2,1),1)= 0.05
((2,5,2,2),1)= 0.05
((2,5,2,3),1)= 0.44
((2,5,2,4),1)= 0.50
((2,5,3,0),-1)= 0.42
((2,5,3,1),-1)= 0.05
((2,5,3,2),-1)= 0.21
((2,5,3,3),-1)= 0.50
((2,5,3,4),-1)= 0.50
((2,5,3,0),1)= 0.42
((2,5,3,1),1)= 0.06
((2,5,3,2),1)= 0.20
((2,5,3,3),1)= 0.50
((2,5,3,4),1)= 0.50
((2,5,4,0),-1)= 0.50
((2,5,4,1),-1)= 0.50
((2,5,4,2),-1)= 0.50
((2,5,4,3),-1)= 0.50
((2,5,4,4),-1)= 0.50
((2,5,4,0),1)= 0.50
((2,5,4,1),1)= 0.60
((2,5,4,2),1)= 0.50
((2,5,4,3),1)= 0.50
((2,5,4,4),1)= 0.50
((2,6,0,0),-1)= 0.50
((2,6,0,1),-1)= 0.50
((2,6,0,2),-1)= 0.47
((2,6,0,3),-1)= 0.50
((2,6,0,4),-1)= 0.50
((2,6,0,0),1)= 0.50
((2,6,0,1),1)= 0.50
((2,6,0,2),1)= 0.50
((2,6,0,3),1)= 0.50
((2,6,0,4),1)= 0.50
((2,6,1,0),-1)= 0.50
((2,6,1,1),-1)= 0.08
((2,6,1,2),-1)= 0.08
((2,6,1,3),-1)= 0.50
((2,6,1,4),-1)= 0.50
((2,6,1,0),1)= 0.50
((2,6,1,1),1)= 0.07
((2,6,1,2),1)= 0.23
((2,6,1,3),1)= 0.50
((2,6,1,4),1)= 0.50
((2,6,2,0),-1)= 0.45
((2,6,2,1),-1)= 0.05
((2,6,2,2),-1)= 0.07
((2,6,2,3),-1)= 0.50
((2,6,2,4),-1)= 0.50
((2,6,2,0),1)= 0.50
((2,6,2,1),1)= 0.05
((2,6,2,2),1)= 0.07
((2,6,2,3),1)= 0.49
((2,6,2,4),1)= 0.50
((2,6,3,0),-1)= 0.50
((2,6,3,1),-1)= 0.10
((2,6,3,2),-1)= 0.15
((2,6,3,3),-1)= 0.50
((2,6,3,4),-1)= 0.50
((2,6,3,0),1)= 0.50
((2,6,3,1),1)= 0.10
((2,6,3,2),1)= 0.17
((2,6,3,3),1)= 0.50
((2,6,3,4),1)= 0.50
((2,6,4,0),-1)= 0.50
((2,6,4,1),-1)= 0.60
((2,6,4,2),-1)= 0.50
((2,6,4,3),-1)= 0.50
((2,6,4,4),-1)= 0.50
((2,6,4,0),1)= 0.50
((2,6,4,1),1)= 0.50
((2,6,4,2),1)= 0.50
((2,6,4,3),1)= 0.50
((2,6,4,4),1)= 0.50
((3,0,0,0),-1)= 0.50
((3,0,0,1),-1)= 0.50
((3,0,0,2),-1)= 0.50
((3,0,0,3),-1)= 0.50
((3,0,0,4),-1)= 0.50
((3,0,0,0),1)= 0.50
((3,0,0,1),1)= 0.50
((3,0,0,2),1)= 0.50
((3,0,0,3),1)= 0.50
((3,0,0,4),1)= 0.50
((3,0,1,0),-1)= 0.50
((3,0,1,1),-1)= 0.28
((3,0,1,2),-1)= 0.10
((3,0,1,3),-1)= 0.38
((3,0,1,4),-1)= 0.50
((3,0,1,0),1)= 0.50
((3,0,1,1),1)= 0.26
((3,0,1,2),1)= 0.11
((3,0,1,3),1)= 0.50
((3,0,1,4),1)= 0.50
((3,0,2,0),-1)= 0.50
((3,0,2,1),-1)= 0.06
((3,0,2,2),-1)= 0.07
((3,0,2,3),-1)= 0.36
((3,0,2,4),-1)= 0.50
((3,0,2,0),1)= 0.50
((3,0,2,1),1)= 0.06
((3,0,2,2),1)= 0.07
((3,0,2,3),1)= 0.34
((3,0,2,4),1)= 0.50
((3,0,3,0),-1)= 0.50
((3,0,3,1),-1)= 0.15
((3,0,3,2),-1)= 0.09
((3,0,3,3),-1)= 0.50
((3,0,3,4),-1)= 0.50
((3,0,3,0),1)= 0.50
((3,0,3,1),1)= 0.10
((3,0,3,2),1)= 0.08
((3,0,3,3),1)= 0.50
((3,0,3,4),1)= 0.50
((3,0,4,0),-1)= 0.50
((3,0,4,1),-1)= 0.50
((3,0,4,2),-1)= 0.50
((3,0,4,3),-1)= 0.50
((3,0,4,4),-1)= 0.50
((3,0,4,0),1)= 0.50
((3,0,4,1),1)= 0.50
((3,0,4,2),1)= 0.50
((3,0,4,3),1)= 0.50
((3,0,4,4),1)= 0.50
((3,1,0,0),-1)= 0.50
((3,1,0,1),-1)= 0.50
((3,1,0,2),-1)= 0.50
((3,1,0,3),-1)= 0.50
((3,1,0,4),-1)= 0.50
((3,1,0,0),1)= 0.50
((3,1,0,1),1)= 0.50
((3,1,0,2),1)= 0.50
((3,1,0,3),1)= 0.50
((3,1,0,4),1)= 0.50
((3,1,1,0),-1)= 0.50
((3,1,1,1),-1)= 0.13
((3,1,1,2),-1)= 0.07
((3,1,1,3),-1)= 0.50
((3,1,1,4),-1)= 0.50
((3,1,1,0),1)= 0.50
((3,1,1,1),1)= 0.14
((3,1,1,2),1)= 0.06
((3,1,1,3),1)= 0.48
((3,1,1,4),1)= 0.50
((3,1,2,0),-1)= 0.50
((3,1,2,1),-1)= 0.05
((3,1,2,2),-1)= 0.06
((3,1,2,3),-1)= 0.30
((3,1,2,4),-1)= 0.50
((3,1,2,0),1)= 0.50
((3,1,2,1),1)= 0.05
((3,1,2,2),1)= 0.06
((3,1,2,3),1)= 0.30
((3,1,2,4),1)= 0.50
((3,1,3,0),-1)= 0.50
((3,1,3,1),-1)= 0.07
((3,1,3,2),-1)= 0.23
((3,1,3,3),-1)= 0.50
((3,1,3,4),-1)= 0.50
((3,1,3,0),1)= 0.50
((3,1,3,1),1)= 0.06
((3,1,3,2),1)= 0.24
((3,1,3,3),1)= 0.50
((3,1,3,4),1)= 0.50
((3,1,4,0),-1)= 0.50
((3,1,4,1),-1)= 0.50
((3,1,4,2),-1)= 0.50
((3,1,4,3),-1)= 0.50
((3,1,4,4),-1)= 0.50
((3,1,4,0),1)= 0.50
((3,1,4,1),1)= 0.50
((3,1,4,2),1)= 0.50
((3,1,4,3),1)= 0.50
((3,1,4,4),1)= 0.50
((3,2,0,0),-1)= 0.50
((3,2,0,1),-1)= 0.50
((3,2,0,2),-1)= 0.50
((3,2,0,3),-1)= 0.50
((3,2,0,4),-1)= 0.50
((3,2,0,0),1)= 0.50
((3,2,0,1),1)= 0.50
((3,2,0,2),1)= 0.50
((3,2,0,3),1)= 0.50
((3,2,0,4),1)= 0.50
((3,2,1,0),-1)= 0.50
((3,2,1,1),-1)= 0.06
((3,2,1,2),-1)= 0.05
((3,2,1,3),-1)= 0.22
((3,2,1,4),-1)= 0.50
((3,2,1,0),1)= 0.50
((3,2,1,1),1)= 0.06
((3,2,1,2),1)= 0.05
((3,2,1,3),1)= 0.15
((3,2,1,4),1)= 0.50
((3,2,2,0),-1)= 0.34
((3,2,2,1),-1)= 0.05
((3,2,2,2),-1)= 0.05
((3,2,2,3),-1)= 0.11
((3,2,2,4),-1)= 0.50
((3,2,2,0),1)= 0.41
((3,2,2,1),1)= 0.05
((3,2,2,2),1)= 0.05
((3,2,2,3),1)= 0.10
((3,2,2,4),1)= 0.50
((3,2,3,0),-1)= 0.10
((3,2,3,1),-1)= 0.05
((3,2,3,2),-1)= 0.50
((3,2,3,3),-1)= 0.50
((3,2,3,4),-1)= 0.50
((3,2,3,0),1)= 0.10
((3,2,3,1),1)= 0.05
((3,2,3,2),1)= 0.50
((3,2,3,3),1)= 0.50
((3,2,3,4),1)= 0.50
((3,2,4,0),-1)= 0.50
((3,2,4,1),-1)= 0.50
((3,2,4,2),-1)= 0.50
((3,2,4,3),-1)= 0.50
((3,2,4,4),-1)= 0.50
((3,2,4,0),1)= 0.50
((3,2,4,1),1)= 0.50
((3,2,4,2),1)= 0.50
((3,2,4,3),1)= 0.50
((3,2,4,4),1)= 0.50
((3,3,0,0),-1)= 0.50
((3,3,0,1),-1)= 0.50
((3,3,0,2),-1)= 0.50
((3,3,0,3),-1)= 0.42
((3,3,0,4),-1)= 0.50
((3,3,0,0),1)= 0.50
((3,3,0,1),1)= 0.50
((3,3,0,2),1)= 0.50
((3,3,0,3),1)= 0.50
((3,3,0,4),1)= 0.50
((3,3,1,0),-1)= 0.50
((3,3,1,1),-1)= 0.06
((3,3,1,2),-1)= 0.05
((3,3,1,3),-1)= 0.14
((3,3,1,4),-1)= 0.50
((3,3,1,0),1)= 0.50
((3,3,1,1),1)= 0.06
((3,3,1,2),1)= 0.05
((3,3,1,3),1)= 0.08
((3,3,1,4),1)= 0.50
((3,3,2,0),-1)= 0.21
((3,3,2,1),-1)= 0.05
((3,3,2,2),-1)= 0.05
((3,3,2,3),-1)= 0.11
((3,3,2,4),-1)= 0.50
((3,3,2,0),1)= 0.24
((3,3,2,1),1)= 0.05
((3,3,2,2),1)= 0.04
((3,3,2,3),1)= 0.12
((3,3,2,4),1)= 0.50
((3,3,3,0),-1)= 0.05
((3,3,3,1),-1)= 0.05
((3,3,3,2),-1)= 0.50
((3,3,3,3),-1)= 0.50
((3,3,3,4),-1)= 0.50
((3,3,3,0),1)= 0.06
((3,3,3,1),1)= 0.05
((3,3,3,2),1)= 0.50
((3,3,3,3),1)= 0.50
((3,3,3,4),1)= 0.50
((3,3,4,0),-1)= 0.50
((3,3,4,1),-1)= 0.50
((3,3,4,2),-1)= 0.50
((3,3,4,3),-1)= 0.50
((3,3,4,4),-1)= 0.50
((3,3,4,0),1)= 0.50
((3,3,4,1),1)= 0.50
((3,3,4,2),1)= 0.50
((3,3,4,3),1)= 0.50
((3,3,4,4),1)= 0.50
((3,4,0,0),-1)= 0.50
((3,4,0,1),-1)= 0.50
((3,4,0,2),-1)= 0.50
((3,4,0,3),-1)= 0.40
((3,4,0,4),-1)= 0.50
((3,4,0,0),1)= 0.50
((3,4,0,1),1)= 0.50
((3,4,0,2),1)= 0.50
((3,4,0,3),1)= 0.50
((3,4,0,4),1)= 0.50
((3,4,1,0),-1)= 0.50
((3,4,1,1),-1)= 0.06
((3,4,1,2),-1)= 0.06
((3,4,1,3),-1)= 0.24
((3,4,1,4),-1)= 0.50
((3,4,1,0),1)= 0.50
((3,4,1,1),1)= 0.06
((3,4,1,2),1)= 0.06
((3,4,1,3),1)= 0.24
((3,4,1,4),1)= 0.50
((3,4,2,0),-1)= 0.37
((3,4,2,1),-1)= 0.04
((3,4,2,2),-1)= 0.05
((3,4,2,3),-1)= 0.11
((3,4,2,4),-1)= 0.50
((3,4,2,0),1)= 0.39
((3,4,2,1),1)= 0.05
((3,4,2,2),1)= 0.05
((3,4,2,3),1)= 0.12
((3,4,2,4),1)= 0.50
((3,4,3,0),-1)= 0.08
((3,4,3,1),-1)= 0.06
((3,4,3,2),-1)= 0.37
((3,4,3,3),-1)= 0.50
((3,4,3,4),-1)= 0.50
((3,4,3,0),1)= 0.16
((3,4,3,1),1)= 0.06
((3,4,3,2),1)= 0.43
((3,4,3,3),1)= 0.50
((3,4,3,4),1)= 0.50
((3,4,4,0),-1)= 0.50
((3,4,4,1),-1)= 0.50
((3,4,4,2),-1)= 0.50
((3,4,4,3),-1)= 0.50
((3,4,4,4),-1)= 0.50
((3,4,4,0),1)= 0.50
((3,4,4,1),1)= 0.50
((3,4,4,2),1)= 0.50
((3,4,4,3),1)= 0.50
((3,4,4,4),1)= 0.50
((3,5,0,0),-1)= 0.50
((3,5,0,1),-1)= 0.50
((3,5,0,2),-1)= 0.60
((3,5,0,3),-1)= 0.50
((3,5,0,4),-1)= 0.50
((3,5,0,0),1)= 0.50
((3,5,0,1),1)= 0.50
((3,5,0,2),1)= 0.50
((3,5,0,3),1)= 0.50
((3,5,0,4),1)= 0.50
((3,5,1,0),-1)= 0.50
((3,5,1,1),-1)= 0.06
((3,5,1,2),-1)= 0.07
((3,5,1,3),-1)= 0.42
((3,5,1,4),-1)= 0.50
((3,5,1,0),1)= 0.50
((3,5,1,1),1)= 0.06
((3,5,1,2),1)= 0.07
((3,5,1,3),1)= 0.50
((3,5,1,4),1)= 0.50
((3,5,2,0),-1)= 0.41
((3,5,2,1),-1)= 0.05
((3,5,2,2),-1)= 0.06
((3,5,2,3),-1)= 0.27
((3,5,2,4),-1)= 0.50
((3,5,2,0),1)= 0.50
((3,5,2,1),1)= 0.05
((3,5,2,2),1)= 0.08
((3,5,2,3),1)= 0.29
((3,5,2,4),1)= 0.50
((3,5,3,0),-1)= 0.28
((3,5,3,1),-1)= 0.07
((3,5,3,2),-1)= 0.24
((3,5,3,3),-1)= 0.50
((3,5,3,4),-1)= 0.50
((3,5,3,0),1)= 0.38
((3,5,3,1),1)= 0.06
((3,5,3,2),1)= 0.23
((3,5,3,3),1)= 0.50
((3,5,3,4),1)= 0.50
((3,5,4,0),-1)= 0.50
((3,5,4,1),-1)= 0.50
((3,5,4,2),-1)= 0.50
((3,5,4,3),-1)= 0.50
((3,5,4,4),-1)= 0.50
((3,5,4,0),1)= 0.50
((3,5,4,1),1)= 0.50
((3,5,4,2),1)= 0.50
((3,5,4,3),1)= 0.50
((3,5,4,4),1)= 0.50
((3,6,0,0),-1)= 0.50
((3,6,0,1),-1)= 0.50
((3,6,0,2),-1)= 0.50
((3,6,0,3),-1)= 0.50
((3,6,0,4),-1)= 0.50
((3,6,0,0),1)= 0.50
((3,6,0,1),1)= 0.50
((3,6,0,2),1)= 0.50
((3,6,0,3),1)= 0.50
((3,6,0,4),1)= 0.50
((3,6,1,0),-1)= 0.50
((3,6,1,1),-1)= 0.09
((3,6,1,2),-1)= 0.13
((3,6,1,3),-1)= 0.50
((3,6,1,4),-1)= 0.50
((3,6,1,0),1)= 0.50
((3,6,1,1),1)= 0.09
((3,6,1,2),1)= 0.11
((3,6,1,3),1)= 0.50
((3,6,1,4),1)= 0.50
((3,6,2,0),-1)= 0.50
((3,6,2,1),-1)= 0.06
((3,6,2,2),-1)= 0.06
((3,6,2,3),-1)= 0.43
((3,6,2,4),-1)= 0.50
((3,6,2,0),1)= 0.46
((3,6,2,1),1)= 0.06
((3,6,2,2),1)= 0.07
((3,6,2,3),1)= 0.50
((3,6,2,4),1)= 0.50
((3,6,3,0),-1)= 0.50
((3,6,3,1),-1)= 0.17
((3,6,3,2),-1)= 0.13
((3,6,3,3),-1)= 0.50
((3,6,3,4),-1)= 0.50
((3,6,3,0),1)= 0.50
((3,6,3,1),1)= 0.12
((3,6,3,2),1)= 0.12
((3,6,3,3),1)= 0.50
((3,6,3,4),1)= 0.50
((3,6,4,0),-1)= 0.50
((3,6,4,1),-1)= 0.50
((3,6,4,2),-1)= 0.50
((3,6,4,3),-1)= 0.50
((3,6,4,4),-1)= 0.50
((3,6,4,0),1)= 0.50
((3,6,4,1),1)= 0.50
((3,6,4,2),1)= 0.50
((3,6,4,3),1)= 0.50
((3,6,4,4),1)= 0.50
((4,0,0,0),-1)= 0.50
((4,0,0,1),-1)= 0.50
((4,0,0,2),-1)= 0.50
((4,0,0,3),-1)= 0.50
((4,0,0,4),-1)= 0.50
((4,0,0,0),1)= 0.50
((4,0,0,1),1)= 0.50
((4,0,0,2),1)= 0.50
((4,0,0,3),1)= 0.50
((4,0,0,4),1)= 0.50
((4,0,1,0),-1)= 0.50
((4,0,1,1),-1)= 0.09
((4,0,1,2),-1)= 0.07
((4,0,1,3),-1)= 0.50
((4,0,1,4),-1)= 0.50
((4,0,1,0),1)= 0.50
((4,0,1,1),1)= 0.11
((4,0,1,2),1)= 0.10
((4,0,1,3),1)= 0.50
((4,0,1,4),1)= 0.50
((4,0,2,0),-1)= 0.50
((4,0,2,1),-1)= 0.11
((4,0,2,2),-1)= 0.06
((4,0,2,3),-1)= 0.50
((4,0,2,4),-1)= 0.50
((4,0,2,0),1)= 0.50
((4,0,2,1),1)= 0.07
((4,0,2,2),1)= 0.06
((4,0,2,3),1)= 0.50
((4,0,2,4),1)= 0.50
((4,0,3,0),-1)= 0.50
((4,0,3,1),-1)= 0.09
((4,0,3,2),-1)= 0.13
((4,0,3,3),-1)= 0.50
((4,0,3,4),-1)= 0.50
((4,0,3,0),1)= 0.50
((4,0,3,1),1)= 0.10
((4,0,3,2),1)= 0.11
((4,0,3,3),1)= 0.50
((4,0,3,4),1)= 0.50
((4,0,4,0),-1)= 0.50
((4,0,4,1),-1)= 0.50
((4,0,4,2),-1)= 0.50
((4,0,4,3),-1)= 0.50
((4,0,4,4),-1)= 0.50
((4,0,4,0),1)= 0.50
((4,0,4,1),1)= 0.50
((4,0,4,2),1)= 0.50
((4,0,4,3),1)= 0.50
((4,0,4,4),1)= 0.50
((4,1,0,0),-1)= 0.50
((4,1,0,1),-1)= 0.50
((4,1,0,2),-1)= 0.48
((4,1,0,3),-1)= 0.50
((4,1,0,4),-1)= 0.50
((4,1,0,0),1)= 0.50
((4,1,0,1),1)= 0.50
((4,1,0,2),1)= 0.50
((4,1,0,3),1)= 0.50
((4,1,0,4),1)= 0.50
((4,1,1,0),-1)= 0.50
((4,1,1,1),-1)= 0.06
((4,1,1,2),-1)= 0.06
((4,1,1,3),-1)= 0.44
((4,1,1,4),-1)= 0.50
((4,1,1,0),1)= 0.50
((4,1,1,1),1)= 0.06
((4,1,1,2),1)= 0.06
((4,1,1,3),1)= 0.46
((4,1,1,4),1)= 0.50
((4,1,2,0),-1)= 0.50
((4,1,2,1),-1)= 0.06
((4,1,2,2),-1)= 0.05
((4,1,2,3),-1)= 0.35
((4,1,2,4),-1)= 0.50
((4,1,2,0),1)= 0.43
((4,1,2,1),1)= 0.05
((4,1,2,2),1)= 0.06
((4,1,2,3),1)= 0.35
((4,1,2,4),1)= 0.50
((4,1,3,0),-1)= 0.50
((4,1,3,1),-1)= 0.06
((4,1,3,2),-1)= 0.46
((4,1,3,3),-1)= 0.50
((4,1,3,4),-1)= 0.50
((4,1,3,0),1)= 0.50
((4,1,3,1),1)= 0.06
((4,1,3,2),1)= 0.38
((4,1,3,3),1)= 0.50
((4,1,3,4),1)= 0.50
((4,1,4,0),-1)= 0.50
((4,1,4,1),-1)= 0.50
((4,1,4,2),-1)= 0.50
((4,1,4,3),-1)= 0.50
((4,1,4,4),-1)= 0.50
((4,1,4,0),1)= 0.50
((4,1,4,1),1)= 0.50
((4,1,4,2),1)= 0.50
((4,1,4,3),1)= 0.50
((4,1,4,4),1)= 0.50
((4,2,0,0),-1)= 0.50
((4,2,0,1),-1)= 0.50
((4,2,0,2),-1)= 0.50
((4,2,0,3),-1)= 0.46
((4,2,0,4),-1)= 0.50
((4,2,0,0),1)= 0.50
((4,2,0,1),1)= 0.50
((4,2,0,2),1)= 0.50
((4,2,0,3),1)= 0.50
((4,2,0,4),1)= 0.50
((4,2,1,0),-1)= 0.50
((4,2,1,1),-1)= 0.06
((4,2,1,2),-1)= 0.05
((4,2,1,3),-1)= 0.37
((4,2,1,4),-1)= 0.50
((4,2,1,0),1)= 0.50
((4,2,1,1),1)= 0.06
((4,2,1,2),1)= 0.06
((4,2,1,3),1)= 0.38
((4,2,1,4),1)= 0.50
((4,2,2,0),-1)= 0.26
((4,2,2,1),-1)= 0.05
((4,2,2,2),-1)= 0.07
((4,2,2,3),-1)= 0.25
((4,2,2,4),-1)= 0.50
((4,2,2,0),1)= 0.21
((4,2,2,1),1)= 0.05
((4,2,2,2),1)= 0.05
((4,2,2,3),1)= 0.17
((4,2,2,4),1)= 0.50
((4,2,3,0),-1)= 0.11
((4,2,3,1),-1)= 0.05
((4,2,3,2),-1)= 0.50
((4,2,3,3),-1)= 0.50
((4,2,3,4),-1)= 0.50
((4,2,3,0),1)= 0.10
((4,2,3,1),1)= 0.05
((4,2,3,2),1)= 0.50
((4,2,3,3),1)= 0.50
((4,2,3,4),1)= 0.50
((4,2,4,0),-1)= 0.50
((4,2,4,1),-1)= 0.50
((4,2,4,2),-1)= 0.50
((4,2,4,3),-1)= 0.50
((4,2,4,4),-1)= 0.50
((4,2,4,0),1)= 0.50
((4,2,4,1),1)= 0.50
((4,2,4,2),1)= 0.50
((4,2,4,3),1)= 0.50
((4,2,4,4),1)= 0.50
((4,3,0,0),-1)= 0.50
((4,3,0,1),-1)= 0.50
((4,3,0,2),-1)= 0.45
((4,3,0,3),-1)= 0.50
((4,3,0,4),-1)= 0.50
((4,3,0,0),1)= 0.50
((4,3,0,1),1)= 0.50
((4,3,0,2),1)= 0.50
((4,3,0,3),1)= 0.50
((4,3,0,4),1)= 0.50
((4,3,1,0),-1)= 0.50
((4,3,1,1),-1)= 0.07
((4,3,1,2),-1)= 0.06
((4,3,1,3),-1)= 0.22
((4,3,1,4),-1)= 0.50
((4,3,1,0),1)= 0.50
((4,3,1,1),1)= 0.07
((4,3,1,2),1)= 0.07
((4,3,1,3),1)= 0.24
((4,3,1,4),1)= 0.50
((4,3,2,0),-1)= 0.26
((4,3,2,1),-1)= 0.05
((4,3,2,2),-1)= 0.06
((4,3,2,3),-1)= 0.19
((4,3,2,4),-1)= 0.50
((4,3,2,0),1)= 0.25
((4,3,2,1),1)= 0.05
((4,3,2,2),1)= 0.05
((4,3,2,3),1)= 0.19
((4,3,2,4),1)= 0.50
((4,3,3,0),-1)= 0.07
((4,3,3,1),-1)= 0.08
((4,3,3,2),-1)= 0.50
((4,3,3,3),-1)= 0.50
((4,3,3,4),-1)= 0.50
((4,3,3,0),1)= 0.07
((4,3,3,1),1)= 0.06
((4,3,3,2),1)= 0.50
((4,3,3,3),1)= 0.50
((4,3,3,4),1)= 0.50
((4,3,4,0),-1)= 0.50
((4,3,4,1),-1)= 0.50
((4,3,4,2),-1)= 0.50
((4,3,4,3),-1)= 0.50
((4,3,4,4),-1)= 0.50
((4,3,4,0),1)= 0.50
((4,3,4,1),1)= 0.50
((4,3,4,2),1)= 0.50
((4,3,4,3),1)= 0.50
((4,3,4,4),1)= 0.50
((4,4,0,0),-1)= 0.50
((4,4,0,1),-1)= 0.50
((4,4,0,2),-1)= 0.50
((4,4,0,3),-1)= 0.50
((4,4,0,4),-1)= 0.50
((4,4,0,0),1)= 0.50
((4,4,0,1),1)= 0.50
((4,4,0,2),1)= 0.50
((4,4,0,3),1)= 0.50
((4,4,0,4),1)= 0.50
((4,4,1,0),-1)= 0.50
((4,4,1,1),-1)= 0.09
((4,4,1,2),-1)= 0.08
((4,4,1,3),-1)= 0.31
((4,4,1,4),-1)= 0.50
((4,4,1,0),1)= 0.50
((4,4,1,1),1)= 0.09
((4,4,1,2),1)= 0.08
((4,4,1,3),1)= 0.37
((4,4,1,4),1)= 0.50
((4,4,2,0),-1)= 0.50
((4,4,2,1),-1)= 0.06
((4,4,2,2),-1)= 0.07
((4,4,2,3),-1)= 0.27
((4,4,2,4),-1)= 0.50
((4,4,2,0),1)= 0.50
((4,4,2,1),1)= 0.05
((4,4,2,2),1)= 0.07
((4,4,2,3),1)= 0.30
((4,4,2,4),1)= 0.50
((4,4,3,0),-1)= 0.24
((4,4,3,1),-1)= 0.06
((4,4,3,2),-1)= 0.50
((4,4,3,3),-1)= 0.50
((4,4,3,4),-1)= 0.50
((4,4,3,0),1)= 0.21
((4,4,3,1),1)= 0.10
((4,4,3,2),1)= 0.50
((4,4,3,3),1)= 0.50
((4,4,3,4),1)= 0.50
((4,4,4,0),-1)= 0.50
((4,4,4,1),-1)= 0.50
((4,4,4,2),-1)= 0.50
((4,4,4,3),-1)= 0.50
((4,4,4,4),-1)= 0.50
((4,4,4,0),1)= 0.50
((4,4,4,1),1)= 0.50
((4,4,4,2),1)= 0.50
((4,4,4,3),1)= 0.50
((4,4,4,4),1)= 0.50
((4,5,0,0),-1)= 0.50
((4,5,0,1),-1)= 0.50
((4,5,0,2),-1)= 0.50
((4,5,0,3),-1)= 0.50
((4,5,0,4),-1)= 0.50
((4,5,0,0),1)= 0.50
((4,5,0,1),1)= 0.50
((4,5,0,2),1)= 0.50
((4,5,0,3),1)= 0.50
((4,5,0,4),1)= 0.50
((4,5,1,0),-1)= 0.50
((4,5,1,1),-1)= 0.19
((4,5,1,2),-1)= 0.15
((4,5,1,3),-1)= 0.48
((4,5,1,4),-1)= 0.50
((4,5,1,0),1)= 0.50
((4,5,1,1),1)= 0.19
((4,5,1,2),1)= 0.20
((4,5,1,3),1)= 0.50
((4,5,1,4),1)= 0.50
((4,5,2,0),-1)= 0.48
((4,5,2,1),-1)= 0.07
((4,5,2,2),-1)= 0.14
((4,5,2,3),-1)= 0.50
((4,5,2,4),-1)= 0.50
((4,5,2,0),1)= 0.50
((4,5,2,1),1)= 0.07
((4,5,2,2),1)= 0.10
((4,5,2,3),1)= 0.50
((4,5,2,4),1)= 0.50
((4,5,3,0),-1)= 0.50
((4,5,3,1),-1)= 0.27
((4,5,3,2),-1)= 0.48
((4,5,3,3),-1)= 0.50
((4,5,3,4),-1)= 0.50
((4,5,3,0),1)= 0.50
((4,5,3,1),1)= 0.09
((4,5,3,2),1)= 0.34
((4,5,3,3),1)= 0.50
((4,5,3,4),1)= 0.50
((4,5,4,0),-1)= 0.50
((4,5,4,1),-1)= 0.50
((4,5,4,2),-1)= 0.50
((4,5,4,3),-1)= 0.50
((4,5,4,4),-1)= 0.50
((4,5,4,0),1)= 0.50
((4,5,4,1),1)= 0.50
((4,5,4,2),1)= 0.50
((4,5,4,3),1)= 0.50
((4,5,4,4),1)= 0.50
((4,6,0,0),-1)= 0.50
((4,6,0,1),-1)= 0.50
((4,6,0,2),-1)= 0.50
((4,6,0,3),-1)= 0.50
((4,6,0,4),-1)= 0.50
((4,6,0,0),1)= 0.50
((4,6,0,1),1)= 0.50
((4,6,0,2),1)= 0.50
((4,6,0,3),1)= 0.50
((4,6,0,4),1)= 0.50
((4,6,1,0),-1)= 0.50
((4,6,1,1),-1)= 0.29
((4,6,1,2),-1)= 0.17
((4,6,1,3),-1)= 0.50
((4,6,1,4),-1)= 0.50
((4,6,1,0),1)= 0.50
((4,6,1,1),1)= 0.32
((4,6,1,2),1)= 0.16
((4,6,1,3),1)= 0.50
((4,6,1,4),1)= 0.50
((4,6,2,0),-1)= 0.50
((4,6,2,1),-1)= 0.08
((4,6,2,2),-1)= 0.11
((4,6,2,3),-1)= 0.44
((4,6,2,4),-1)= 0.50
((4,6,2,0),1)= 0.50
((4,6,2,1),1)= 0.08
((4,6,2,2),1)= 0.07
((4,6,2,3),1)= 0.50
((4,6,2,4),1)= 0.50
((4,6,3,0),-1)= 0.50
((4,6,3,1),-1)= 0.14
((4,6,3,2),-1)= 0.15
((4,6,3,3),-1)= 0.50
((4,6,3,4),-1)= 0.50
((4,6,3,0),1)= 0.50
((4,6,3,1),1)= 0.29
((4,6,3,2),1)= 0.12
((4,6,3,3),1)= 0.50
((4,6,3,4),1)= 0.50
((4,6,4,0),-1)= 0.50
((4,6,4,1),-1)= 0.50
((4,6,4,2),-1)= 0.50
((4,6,4,3),-1)= 0.50
((4,6,4,4),-1)= 0.50
((4,6,4,0),1)= 0.50
((4,6,4,1),1)= 0.50
((4,6,4,2),1)= 0.50
((4,6,4,3),1)= 0.50
((4,6,4,4),1)= 0.50
((5,0,0,0),-1)= 0.50
((5,0,0,1),-1)= 0.50
((5,0,0,2),-1)= 0.50
((5,0,0,3),-1)= 0.50
((5,0,0,4),-1)= 0.50
((5,0,0,0),1)= 0.50
((5,0,0,1),1)= 0.50
((5,0,0,2),1)= 0.50
((5,0,0,3),1)= 0.50
((5,0,0,4),1)= 0.50
((5,0,1,0),-1)= 0.50
((5,0,1,1),-1)= 0.14
((5,0,1,2),-1)= 0.09
((5,0,1,3),-1)= 0.50
((5,0,1,4),-1)= 0.50
((5,0,1,0),1)= 0.50
((5,0,1,1),1)= 0.30
((5,0,1,2),1)= 0.27
((5,0,1,3),1)= 0.50
((5,0,1,4),1)= 0.50
((5,0,2,0),-1)= 0.50
((5,0,2,1),-1)= 0.07
((5,0,2,2),-1)= 0.07
((5,0,2,3),-1)= 0.50
((5,0,2,4),-1)= 0.50
((5,0,2,0),1)= 0.50
((5,0,2,1),1)= 0.08
((5,0,2,2),1)= 0.07
((5,0,2,3),1)= 0.47
((5,0,2,4),1)= 0.50
((5,0,3,0),-1)= 0.50
((5,0,3,1),-1)= 0.25
((5,0,3,2),-1)= 0.32
((5,0,3,3),-1)= 0.50
((5,0,3,4),-1)= 0.50
((5,0,3,0),1)= 0.50
((5,0,3,1),1)= 0.18
((5,0,3,2),1)= 0.22
((5,0,3,3),1)= 0.50
((5,0,3,4),1)= 0.50
((5,0,4,0),-1)= 0.50
((5,0,4,1),-1)= 0.50
((5,0,4,2),-1)= 0.50
((5,0,4,3),-1)= 0.50
((5,0,4,4),-1)= 0.50
((5,0,4,0),1)= 0.50
((5,0,4,1),1)= 0.50
((5,0,4,2),1)= 0.50
((5,0,4,3),1)= 0.50
((5,0,4,4),1)= 0.50
((5,1,0,0),-1)= 0.50
((5,1,0,1),-1)= 0.50
((5,1,0,2),-1)= 0.50
((5,1,0,3),-1)= 0.50
((5,1,0,4),-1)= 0.50
((5,1,0,0),1)= 0.50
((5,1,0,1),1)= 0.50
((5,1,0,2),1)= 0.50
((5,1,0,3),1)= 0.50
((5,1,0,4),1)= 0.50
((5,1,1,0),-1)= 0.50
((5,1,1,1),-1)= 0.16
((5,1,1,2),-1)= 0.10
((5,1,1,3),-1)= 0.50
((5,1,1,4),-1)= 0.50
((5,1,1,0),1)= 0.50
((5,1,1,1),1)= 0.24
((5,1,1,2),1)= 0.11
((5,1,1,3),1)= 0.50
((5,1,1,4),1)= 0.50
((5,1,2,0),-1)= 0.50
((5,1,2,1),-1)= 0.06
((5,1,2,2),-1)= 0.09
((5,1,2,3),-1)= 0.45
((5,1,2,4),-1)= 0.50
((5,1,2,0),1)= 0.50
((5,1,2,1),1)= 0.06
((5,1,2,2),1)= 0.06
((5,1,2,3),1)= 0.50
((5,1,2,4),1)= 0.50
((5,1,3,0),-1)= 0.50
((5,1,3,1),-1)= 0.10
((5,1,3,2),-1)= 0.42
((5,1,3,3),-1)= 0.50
((5,1,3,4),-1)= 0.50
((5,1,3,0),1)= 0.50
((5,1,3,1),1)= 0.11
((5,1,3,2),1)= 0.50
((5,1,3,3),1)= 0.50
((5,1,3,4),1)= 0.50
((5,1,4,0),-1)= 0.50
((5,1,4,1),-1)= 0.50
((5,1,4,2),-1)= 0.50
((5,1,4,3),-1)= 0.50
((5,1,4,4),-1)= 0.50
((5,1,4,0),1)= 0.50
((5,1,4,1),1)= 0.50
((5,1,4,2),1)= 0.50
((5,1,4,3),1)= 0.50
((5,1,4,4),1)= 0.50
((5,2,0,0),-1)= 0.50
((5,2,0,1),-1)= 0.50
((5,2,0,2),-1)= 0.50
((5,2,0,3),-1)= 0.50
((5,2,0,4),-1)= 0.50
((5,2,0,0),1)= 0.50
((5,2,0,1),1)= 0.50
((5,2,0,2),1)= 0.50
((5,2,0,3),1)= 0.50
((5,2,0,4),1)= 0.50
((5,2,1,0),-1)= 0.50
((5,2,1,1),-1)= 0.38
((5,2,1,2),-1)= 0.10
((5,2,1,3),-1)= 0.50
((5,2,1,4),-1)= 0.50
((5,2,1,0),1)= 0.50
((5,2,1,1),1)= 0.35
((5,2,1,2),1)= 0.09
((5,2,1,3),1)= 0.50
((5,2,1,4),1)= 0.50
((5,2,2,0),-1)= 0.50
((5,2,2,1),-1)= 0.06
((5,2,2,2),-1)= 0.06
((5,2,2,3),-1)= 0.50
((5,2,2,4),-1)= 0.50
((5,2,2,0),1)= 0.50
((5,2,2,1),1)= 0.06
((5,2,2,2),1)= 0.06
((5,2,2,3),1)= 0.50
((5,2,2,4),1)= 0.50
((5,2,3,0),-1)= 0.50
((5,2,3,1),-1)= 0.13
((5,2,3,2),-1)= 0.50
((5,2,3,3),-1)= 0.50
((5,2,3,4),-1)= 0.50
((5,2,3,0),1)= 0.50
((5,2,3,1),1)= 0.16
((5,2,3,2),1)= 0.50
((5,2,3,3),1)= 0.50
((5,2,3,4),1)= 0.50
((5,2,4,0),-1)= 0.50
((5,2,4,1),-1)= 0.50
((5,2,4,2),-1)= 0.50
((5,2,4,3),-1)= 0.50
((5,2,4,4),-1)= 0.50
((5,2,4,0),1)= 0.50
((5,2,4,1),1)= 0.50
((5,2,4,2),1)= 0.50
((5,2,4,3),1)= 0.50
((5,2,4,4),1)= 0.50
((5,3,0,0),-1)= 0.50
((5,3,0,1),-1)= 0.50
((5,3,0,2),-1)= 0.50
((5,3,0,3),-1)= 0.50
((5,3,0,4),-1)= 0.50
((5,3,0,0),1)= 0.50
((5,3,0,1),1)= 0.50
((5,3,0,2),1)= 0.50
((5,3,0,3),1)= 0.50
((5,3,0,4),1)= 0.50
((5,3,1,0),-1)= 0.50
((5,3,1,1),-1)= 0.42
((5,3,1,2),-1)= 0.18
((5,3,1,3),-1)= 0.50
((5,3,1,4),-1)= 0.50
((5,3,1,0),1)= 0.50
((5,3,1,1),1)= 0.50
((5,3,1,2),1)= 0.21
((5,3,1,3),1)= 0.50
((5,3,1,4),1)= 0.50
((5,3,2,0),-1)= 0.50
((5,3,2,1),-1)= 0.26
((5,3,2,2),-1)= 0.14
((5,3,2,3),-1)= 0.43
((5,3,2,4),-1)= 0.50
((5,3,2,0),1)= 0.50
((5,3,2,1),1)= 0.07
((5,3,2,2),1)= 0.13
((5,3,2,3),1)= 0.44
((5,3,2,4),1)= 0.50
((5,3,3,0),-1)= 0.50
((5,3,3,1),-1)= 0.35
((5,3,3,2),-1)= 0.50
((5,3,3,3),-1)= 0.50
((5,3,3,4),-1)= 0.50
((5,3,3,0),1)= 0.50
((5,3,3,1),1)= 0.24
((5,3,3,2),1)= 0.50
((5,3,3,3),1)= 0.50
((5,3,3,4),1)= 0.50
((5,3,4,0),-1)= 0.50
((5,3,4,1),-1)= 0.50
((5,3,4,2),-1)= 0.50
((5,3,4,3),-1)= 0.50
((5,3,4,4),-1)= 0.50
((5,3,4,0),1)= 0.50
((5,3,4,1),1)= 0.50
((5,3,4,2),1)= 0.50
((5,3,4,3),1)= 0.50
((5,3,4,4),1)= 0.50
((5,4,0,0),-1)= 0.50
((5,4,0,1),-1)= 0.50
((5,4,0,2),-1)= 0.50
((5,4,0,3),-1)= 0.50
((5,4,0,4),-1)= 0.50
((5,4,0,0),1)= 0.50
((5,4,0,1),1)= 0.50
((5,4,0,2),1)= 0.50
((5,4,0,3),1)= 0.50
((5,4,0,4),1)= 0.50
((5,4,1,0),-1)= 0.50
((5,4,1,1),-1)= 0.50
((5,4,1,2),-1)= 0.38
((5,4,1,3),-1)= 0.50
((5,4,1,4),-1)= 0.50
((5,4,1,0),1)= 0.50
((5,4,1,1),1)= 0.50
((5,4,1,2),1)= 0.42
((5,4,1,3),1)= 0.50
((5,4,1,4),1)= 0.50
((5,4,2,0),-1)= 0.50
((5,4,2,1),-1)= 0.14
((5,4,2,2),-1)= 0.20
((5,4,2,3),-1)= 0.50
((5,4,2,4),-1)= 0.50
((5,4,2,0),1)= 0.50
((5,4,2,1),1)= 0.13
((5,4,2,2),1)= 0.19
((5,4,2,3),1)= 0.50
((5,4,2,4),1)= 0.50
((5,4,3,0),-1)= 0.50
((5,4,3,1),-1)= 0.71
((5,4,3,2),-1)= 0.50
((5,4,3,3),-1)= 0.50
((5,4,3,4),-1)= 0.50
((5,4,3,0),1)= 0.50
((5,4,3,1),1)= 0.50
((5,4,3,2),1)= 0.50
((5,4,3,3),1)= 0.50
((5,4,3,4),1)= 0.50
((5,4,4,0),-1)= 0.50
((5,4,4,1),-1)= 0.50
((5,4,4,2),-1)= 0.50
((5,4,4,3),-1)= 0.50
((5,4,4,4),-1)= 0.50
((5,4,4,0),1)= 0.50
((5,4,4,1),1)= 0.50
((5,4,4,2),1)= 0.50
((5,4,4,3),1)= 0.50
((5,4,4,4),1)= 0.50
((5,5,0,0),-1)= 0.50
((5,5,0,1),-1)= 0.50
((5,5,0,2),-1)= 0.50
((5,5,0,3),-1)= 0.50
((5,5,0,4),-1)= 0.50
((5,5,0,0),1)= 0.50
((5,5,0,1),1)= 0.50
((5,5,0,2),1)= 0.50
((5,5,0,3),1)= 0.50
((5,5,0,4),1)= 0.50
((5,5,1,0),-1)= 0.50
((5,5,1,1),-1)= 0.50
((5,5,1,2),-1)= 0.50
((5,5,1,3),-1)= 0.50
((5,5,1,4),-1)= 0.50
((5,5,1,0),1)= 0.50
((5,5,1,1),1)= 0.50
((5,5,1,2),1)= 0.50
((5,5,1,3),1)= 0.50
((5,5,1,4),1)= 0.50
((5,5,2,0),-1)= 0.50
((5,5,2,1),-1)= 0.18
((5,5,2,2),-1)= 0.27
((5,5,2,3),-1)= 0.50
((5,5,2,4),-1)= 0.50
((5,5,2,0),1)= 0.50
((5,5,2,1),1)= 0.21
((5,5,2,2),1)= 0.22
((5,5,2,3),1)= 0.50
((5,5,2,4),1)= 0.50
((5,5,3,0),-1)= 0.50
((5,5,3,1),-1)= 0.45
((5,5,3,2),-1)= 0.50
((5,5,3,3),-1)= 0.50
((5,5,3,4),-1)= 0.50
((5,5,3,0),1)= 0.50
((5,5,3,1),1)= 0.39
((5,5,3,2),1)= 0.50
((5,5,3,3),1)= 0.50
((5,5,3,4),1)= 0.50
((5,5,4,0),-1)= 0.50
((5,5,4,1),-1)= 0.50
((5,5,4,2),-1)= 0.50
((5,5,4,3),-1)= 0.50
((5,5,4,4),-1)= 0.50
((5,5,4,0),1)= 0.50
((5,5,4,1),1)= 0.50
((5,5,4,2),1)= 0.50
((5,5,4,3),1)= 0.50
((5,5,4,4),1)= 0.50
((5,6,0,0),-1)= 0.50
((5,6,0,1),-1)= 0.50
((5,6,0,2),-1)= 0.50
((5,6,0,3),-1)= 0.50
((5,6,0,4),-1)= 0.50
((5,6,0,0),1)= 0.50
((5,6,0,1),1)= 0.50
((5,6,0,2),1)= 0.50
((5,6,0,3),1)= 0.50
((5,6,0,4),1)= 0.50
((5,6,1,0),-1)= 0.50
((5,6,1,1),-1)= 0.46
((5,6,1,2),-1)= 0.42
((5,6,1,3),-1)= 0.50
((5,6,1,4),-1)= 0.50
((5,6,1,0),1)= 0.50
((5,6,1,1),1)= 0.50
((5,6,1,2),1)= 0.43
((5,6,1,3),1)= 0.50
((5,6,1,4),1)= 0.50
((5,6,2,0),-1)= 0.50
((5,6,2,1),-1)= 0.13
((5,6,2,2),-1)= 0.11
((5,6,2,3),-1)= 0.50
((5,6,2,4),-1)= 0.50
((5,6,2,0),1)= 0.50
((5,6,2,1),1)= 0.13
((5,6,2,2),1)= 0.11
((5,6,2,3),1)= 0.50
((5,6,2,4),1)= 0.50
((5,6,3,0),-1)= 0.50
((5,6,3,1),-1)= 0.50
((5,6,3,2),-1)= 0.41
((5,6,3,3),-1)= 0.50
((5,6,3,4),-1)= 0.50
((5,6,3,0),1)= 0.50
((5,6,3,1),1)= 0.42
((5,6,3,2),1)= 0.48
((5,6,3,3),1)= 0.50
((5,6,3,4),1)= 0.50
((5,6,4,0),-1)= 0.50
((5,6,4,1),-1)= 0.50
((5,6,4,2),-1)= 0.50
((5,6,4,3),-1)= 0.50
((5,6,4,4),-1)= 0.50
((5,6,4,0),1)= 0.50
((5,6,4,1),1)= 0.50
((5,6,4,2),1)= 0.50
((5,6,4,3),1)= 0.50
((5,6,4,4),1)= 0.50
((6,0,0,0),-1)= 0.50
((6,0,0,1),-1)= 0.50
((6,0,0,2),-1)= 0.50
((6,0,0,3),-1)= 0.50
((6,0,0,4),-1)= 0.50
((6,0,0,0),1)= 0.50
((6,0,0,1),1)= 0.50
((6,0,0,2),1)= 0.50
((6,0,0,3),1)= 0.50
((6,0,0,4),1)= 0.50
((6,0,1,0),-1)= 0.50
((6,0,1,1),-1)= 0.37
((6,0,1,2),-1)= 0.35
((6,0,1,3),-1)= 0.50
((6,0,1,4),-1)= 0.50
((6,0,1,0),1)= 0.50
((6,0,1,1),1)= 0.40
((6,0,1,2),1)= 0.50
((6,0,1,3),1)= 0.50
((6,0,1,4),1)= 0.50
((6,0,2,0),-1)= 0.50
((6,0,2,1),-1)= 0.28
((6,0,2,2),-1)= 0.51
((6,0,2,3),-1)= 0.50
((6,0,2,4),-1)= 0.50
((6,0,2,0),1)= 0.50
((6,0,2,1),1)= 0.35
((6,0,2,2),1)= 0.53
((6,0,2,3),1)= 0.50
((6,0,2,4),1)= 0.50
((6,0,3,0),-1)= 0.50
((6,0,3,1),-1)= 0.44
((6,0,3,2),-1)= 0.68
((6,0,3,3),-1)= 0.50
((6,0,3,4),-1)= 0.50
((6,0,3,0),1)= 0.50
((6,0,3,1),1)= 0.50
((6,0,3,2),1)= 0.50
((6,0,3,3),1)= 0.50
((6,0,3,4),1)= 0.50
((6,0,4,0),-1)= 0.50
((6,0,4,1),-1)= 0.50
((6,0,4,2),-1)= 0.50
((6,0,4,3),-1)= 0.50
((6,0,4,4),-1)= 0.50
((6,0,4,0),1)= 0.50
((6,0,4,1),1)= 0.50
((6,0,4,2),1)= 0.50
((6,0,4,3),1)= 0.50
((6,0,4,4),1)= 0.50
((6,1,0,0),-1)= 0.50
((6,1,0,1),-1)= 0.50
((6,1,0,2),-1)= 0.50
((6,1,0,3),-1)= 0.50
((6,1,0,4),-1)= 0.50
((6,1,0,0),1)= 0.50
((6,1,0,1),1)= 0.50
((6,1,0,2),1)= 0.50
((6,1,0,3),1)= 0.50
((6,1,0,4),1)= 0.50
((6,1,1,0),-1)= 0.50
((6,1,1,1),-1)= 0.50
((6,1,1,2),-1)= 0.35
((6,1,1,3),-1)= 0.50
((6,1,1,4),-1)= 0.50
((6,1,1,0),1)= 0.50
((6,1,1,1),1)= 0.50
((6,1,1,2),1)= 0.42
((6,1,1,3),1)= 0.50
((6,1,1,4),1)= 0.50
((6,1,2,0),-1)= 0.50
((6,1,2,1),-1)= 0.25
((6,1,2,2),-1)= 0.33
((6,1,2,3),-1)= 0.50
((6,1,2,4),-1)= 0.50
((6,1,2,0),1)= 0.50
((6,1,2,1),1)= 0.25
((6,1,2,2),1)= 0.59
((6,1,2,3),1)= 0.50
((6,1,2,4),1)= 0.50
((6,1,3,0),-1)= 0.50
((6,1,3,1),-1)= 0.50
((6,1,3,2),-1)= 0.50
((6,1,3,3),-1)= 0.50
((6,1,3,4),-1)= 0.50
((6,1,3,0),1)= 0.50
((6,1,3,1),1)= 0.50
((6,1,3,2),1)= 0.50
((6,1,3,3),1)= 0.50
((6,1,3,4),1)= 0.50
((6,1,4,0),-1)= 0.50
((6,1,4,1),-1)= 0.50
((6,1,4,2),-1)= 0.50
((6,1,4,3),-1)= 0.50
((6,1,4,4),-1)= 0.50
((6,1,4,0),1)= 0.50
((6,1,4,1),1)= 0.50
((6,1,4,2),1)= 0.50
((6,1,4,3),1)= 0.50
((6,1,4,4),1)= 0.50
((6,2,0,0),-1)= 0.50
((6,2,0,1),-1)= 0.50
((6,2,0,2),-1)= 0.50
((6,2,0,3),-1)= 0.50
((6,2,0,4),-1)= 0.50
((6,2,0,0),1)= 0.50
((6,2,0,1),1)= 0.50
((6,2,0,2),1)= 0.50
((6,2,0,3),1)= 0.50
((6,2,0,4),1)= 0.50
((6,2,1,0),-1)= 0.50
((6,2,1,1),-1)= 0.50
((6,2,1,2),-1)= 0.34
((6,2,1,3),-1)= 0.50
((6,2,1,4),-1)= 0.50
((6,2,1,0),1)= 0.50
((6,2,1,1),1)= 0.50
((6,2,1,2),1)= 0.50
((6,2,1,3),1)= 0.50
((6,2,1,4),1)= 0.50
((6,2,2,0),-1)= 0.50
((6,2,2,1),-1)= 0.40
((6,2,2,2),-1)= 0.44
((6,2,2,3),-1)= 0.50
((6,2,2,4),-1)= 0.50
((6,2,2,0),1)= 0.50
((6,2,2,1),1)= 0.35
((6,2,2,2),1)= 0.45
((6,2,2,3),1)= 0.50
((6,2,2,4),1)= 0.50
((6,2,3,0),-1)= 0.50
((6,2,3,1),-1)= 0.50
((6,2,3,2),-1)= 0.50
((6,2,3,3),-1)= 0.50
((6,2,3,4),-1)= 0.50
((6,2,3,0),1)= 0.50
((6,2,3,1),1)= 0.50
((6,2,3,2),1)= 0.50
((6,2,3,3),1)= 0.50
((6,2,3,4),1)= 0.50
((6,2,4,0),-1)= 0.50
((6,2,4,1),-1)= 0.50
((6,2,4,2),-1)= 0.50
((6,2,4,3),-1)= 0.50
((6,2,4,4),-1)= 0.50
((6,2,4,0),1)= 0.50
((6,2,4,1),1)= 0.50
((6,2,4,2),1)= 0.50
((6,2,4,3),1)= 0.50
((6,2,4,4),1)= 0.50
((6,3,0,0),-1)= 0.50
((6,3,0,1),-1)= 0.50
((6,3,0,2),-1)= 0.50
((6,3,0,3),-1)= 0.50
((6,3,0,4),-1)= 0.50
((6,3,0,0),1)= 0.50
((6,3,0,1),1)= 0.50
((6,3,0,2),1)= 0.50
((6,3,0,3),1)= 0.50
((6,3,0,4),1)= 0.50
((6,3,1,0),-1)= 0.50
((6,3,1,1),-1)= 0.50
((6,3,1,2),-1)= 0.50
((6,3,1,3),-1)= 0.50
((6,3,1,4),-1)= 0.50
((6,3,1,0),1)= 0.50
((6,3,1,1),1)= 0.50
((6,3,1,2),1)= 0.50
((6,3,1,3),1)= 0.50
((6,3,1,4),1)= 0.50
((6,3,2,0),-1)= 0.50
((6,3,2,1),-1)= 0.50
((6,3,2,2),-1)= 0.50
((6,3,2,3),-1)= 0.50
((6,3,2,4),-1)= 0.50
((6,3,2,0),1)= 0.50
((6,3,2,1),1)= 0.50
((6,3,2,2),1)= 0.50
((6,3,2,3),1)= 0.50
((6,3,2,4),1)= 0.50
((6,3,3,0),-1)= 0.50
((6,3,3,1),-1)= 0.50
((6,3,3,2),-1)= 0.50
((6,3,3,3),-1)= 0.50
((6,3,3,4),-1)= 0.50
((6,3,3,0),1)= 0.50
((6,3,3,1),1)= 0.50
((6,3,3,2),1)= 0.50
((6,3,3,3),1)= 0.50
((6,3,3,4),1)= 0.50
((6,3,4,0),-1)= 0.50
((6,3,4,1),-1)= 0.50
((6,3,4,2),-1)= 0.50
((6,3,4,3),-1)= 0.50
((6,3,4,4),-1)= 0.50
((6,3,4,0),1)= 0.50
((6,3,4,1),1)= 0.50
((6,3,4,2),1)= 0.50
((6,3,4,3),1)= 0.50
((6,3,4,4),1)= 0.50
((6,4,0,0),-1)= 0.50
((6,4,0,1),-1)= 0.50
((6,4,0,2),-1)= 0.50
((6,4,0,3),-1)= 0.50
((6,4,0,4),-1)= 0.50
((6,4,0,0),1)= 0.50
((6,4,0,1),1)= 0.50
((6,4,0,2),1)= 0.50
((6,4,0,3),1)= 0.50
((6,4,0,4),1)= 0.50
((6,4,1,0),-1)= 0.50
((6,4,1,1),-1)= 0.50
((6,4,1,2),-1)= 0.50
((6,4,1,3),-1)= 0.50
((6,4,1,4),-1)= 0.50
((6,4,1,0),1)= 0.50
((6,4,1,1),1)= 0.50
((6,4,1,2),1)= 0.50
((6,4,1,3),1)= 0.50
((6,4,1,4),1)= 0.50
((6,4,2,0),-1)= 0.50
((6,4,2,1),-1)= 0.50
((6,4,2,2),-1)= 0.50
((6,4,2,3),-1)= 0.50
((6,4,2,4),-1)= 0.50
((6,4,2,0),1)= 0.50
((6,4,2,1),1)= 0.50
((6,4,2,2),1)= 0.50
((6,4,2,3),1)= 0.50
((6,4,2,4),1)= 0.50
((6,4,3,0),-1)= 0.50
((6,4,3,1),-1)= 0.50
((6,4,3,2),-1)= 0.50
((6,4,3,3),-1)= 0.50
((6,4,3,4),-1)= 0.50
((6,4,3,0),1)= 0.50
((6,4,3,1),1)= 0.50
((6,4,3,2),1)= 0.50
((6,4,3,3),1)= 0.50
((6,4,3,4),1)= 0.50
((6,4,4,0),-1)= 0.50
((6,4,4,1),-1)= 0.50
((6,4,4,2),-1)= 0.50
((6,4,4,3),-1)= 0.50
((6,4,4,4),-1)= 0.50
((6,4,4,0),1)= 0.50
((6,4,4,1),1)= 0.50
((6,4,4,2),1)= 0.50
((6,4,4,3),1)= 0.50
((6,4,4,4),1)= 0.50
((6,5,0,0),-1)= 0.50
((6,5,0,1),-1)= 0.50
((6,5,0,2),-1)= 0.50
((6,5,0,3),-1)= 0.50
((6,5,0,4),-1)= 0.50
((6,5,0,0),1)= 0.50
((6,5,0,1),1)= 0.50
((6,5,0,2),1)= 0.50
((6,5,0,3),1)= 0.50
((6,5,0,4),1)= 0.50
((6,5,1,0),-1)= 0.50
((6,5,1,1),-1)= 0.50
((6,5,1,2),-1)= 0.50
((6,5,1,3),-1)= 0.50
((6,5,1,4),-1)= 0.50
((6,5,1,0),1)= 0.50
((6,5,1,1),1)= 0.50
((6,5,1,2),1)= 0.50
((6,5,1,3),1)= 0.50
((6,5,1,4),1)= 0.50
((6,5,2,0),-1)= 0.50
((6,5,2,1),-1)= 0.44
((6,5,2,2),-1)= 0.50
((6,5,2,3),-1)= 0.50
((6,5,2,4),-1)= 0.50
((6,5,2,0),1)= 0.50
((6,5,2,1),1)= 0.49
((6,5,2,2),1)= 0.50
((6,5,2,3),1)= 0.50
((6,5,2,4),1)= 0.50
((6,5,3,0),-1)= 0.50
((6,5,3,1),-1)= 0.49
((6,5,3,2),-1)= 0.50
((6,5,3,3),-1)= 0.50
((6,5,3,4),-1)= 0.50
((6,5,3,0),1)= 0.50
((6,5,3,1),1)= 0.42
((6,5,3,2),1)= 0.50
((6,5,3,3),1)= 0.50
((6,5,3,4),1)= 0.50
((6,5,4,0),-1)= 0.50
((6,5,4,1),-1)= 0.50
((6,5,4,2),-1)= 0.50
((6,5,4,3),-1)= 0.50
((6,5,4,4),-1)= 0.50
((6,5,4,0),1)= 0.50
((6,5,4,1),1)= 0.50
((6,5,4,2),1)= 0.50
((6,5,4,3),1)= 0.50
((6,5,4,4),1)= 0.50
((6,6,0,0),-1)= 0.50
((6,6,0,1),-1)= 0.50
((6,6,0,2),-1)= 0.50
((6,6,0,3),-1)= 0.50
((6,6,0,4),-1)= 0.50
((6,6,0,0),1)= 0.50
((6,6,0,1),1)= 0.50
((6,6,0,2),1)= 0.50
((6,6,0,3),1)= 0.50
((6,6,0,4),1)= 0.50
((6,6,1,0),-1)= 0.50
((6,6,1,1),-1)= 0.45
((6,6,1,2),-1)= 0.46
((6,6,1,3),-1)= 0.50
((6,6,1,4),-1)= 0.50
((6,6,1,0),1)= 0.50
((6,6,1,1),1)= 0.40
((6,6,1,2),1)= 0.50
((6,6,1,3),1)= 0.50
((6,6,1,4),1)= 0.50
((6,6,2,0),-1)= 0.50
((6,6,2,1),-1)= 0.39
((6,6,2,2),-1)= 0.35
((6,6,2,3),-1)= 0.50
((6,6,2,4),-1)= 0.50
((6,6,2,0),1)= 0.50
((6,6,2,1),1)= 0.40
((6,6,2,2),1)= 0.43
((6,6,2,3),1)= 0.50
((6,6,2,4),1)= 0.50
((6,6,3,0),-1)= 0.50
((6,6,3,1),-1)= 0.48
((6,6,3,2),-1)= 0.50
((6,6,3,3),-1)= 0.50
((6,6,3,4),-1)= 0.50
((6,6,3,0),1)= 0.50
((6,6,3,1),1)= 0.49
((6,6,3,2),1)= 0.50
((6,6,3,3),1)= 0.50
((6,6,3,4),1)= 0.50
((6,6,4,0),-1)= 0.50
((6,6,4,1),-1)= 0.50
((6,6,4,2),-1)= 0.50
((6,6,4,3),-1)= 0.50
((6,6,4,4),-1)= 0.50
((6,6,4,0),1)= 0.50
((6,6,4,1),1)= 0.50
((6,6,4,2),1)= 0.50
((6,6,4,3),1)= 0.50
((6,6,4,4),1)= 0.50
